japan_prefecture_code,prefecture_name,target_prediction_date,cumulative_confirmed,cumulative_confirmed_q0025,cumulative_confirmed_q0975,cumulative_deaths,cumulative_deaths_q0025,cumulative_deaths_q0975,hospitalized_patients,hospitalized_patients_q0025,hospitalized_patients_q0975,recovered,recovered_q0025,recovered_q0975,cumulative_confirmed_ground_truth,cumulative_deaths_ground_truth,hospitalized_patients_ground_truth,recovered_ground_truth,forecast_date,new_deaths,new_confirmed,new_deaths_ground_truth,new_confirmed_ground_truth,prefecture_name_kanji
JP-01,HOKKAIDO,2021-01-09,14531.8291015625,14449.41015625,14723.9248046875,499.9956665039,499.1405334473,520.3233032227,1465.6071777344,1441.3123779297,1570.0390625,12536.36328125,12481.619140625,12598.337890625,NA,NA,NA,NA,2021-01-08,3.9956665038999972,217.8291015625,NA,NA,北海道
JP-01,HOKKAIDO,2021-01-10,14684.455078125,14525.0068359375,15058.6904296875,504.4842224121,502.8448486328,543.4631347656,1529.2819824219,1481.0706787109,1736.6127929688,12619.9375,12515.2734375,12737.388671875,NA,NA,NA,NA,2021-01-08,4.488555908199999,152.6259765625,NA,NA,北海道
JP-01,HOKKAIDO,2021-01-11,14851.8994140625,14619.6533203125,15401.080078125,509.2495117188,506.891418457,565.3654785156,1602.6789550781,1530.5662841797,1913.0032958984,12706.9697265625,12556.736328125,12873.697265625,NA,NA,NA,NA,2021-01-08,4.765289306700026,167.4443359375,NA,NA,北海道
JP-01,HOKKAIDO,2021-01-12,15010.0693359375,14710.93359375,15722.755859375,514.3089599609,511.2851867676,586.262512207,1666.4167480469,1571.236328125,2076.4462890625,12798.4677734375,12606.498046875,13010.171875,NA,NA,NA,NA,2021-01-08,5.059448242099961,158.169921875,NA,NA,北海道
JP-01,HOKKAIDO,2021-01-13,15169.8818359375,14807.9892578125,16037.865234375,519.6041870117,515.9643554688,606.2130737305,1726.8843994141,1609.4276123047,2233.521484375,12892.779296875,12662.5751953125,13145.09765625,NA,NA,NA,NA,2021-01-08,5.295227050800008,159.8125,NA,NA,北海道
JP-01,HOKKAIDO,2021-01-14,15319.240234375,14900.3662109375,16327.9326171875,525.1298217773,520.9204101562,625.3111572266,1775.4296875,1637.2504882812,2372.0634765625,12990.4560546875,12725.1630859375,13278.6865234375,NA,NA,NA,NA,2021-01-08,5.525634765599989,149.3583984375,NA,NA,北海道
JP-01,HOKKAIDO,2021-01-15,15476.3154296875,15002.9970703125,16620.501953125,530.8297729492,526.0914306641,643.6135253906,1826.1833496094,1667.9182128906,2510.1103515625,13090.4306640625,12792.880859375,13410.9853515625,NA,NA,NA,NA,2021-01-08,5.699951171900011,157.0751953125,NA,NA,北海道
JP-01,HOKKAIDO,2021-01-16,15641.6123046875,15116.5322265625,16916.99609375,536.749206543,531.5176391602,661.2767944336,1881.9744873047,1703.8885498047,2652.033203125,13192.95703125,12865.6552734375,13543.2939453125,NA,NA,NA,NA,2021-01-08,5.919433593800022,165.296875,NA,NA,北海道
JP-01,HOKKAIDO,2021-01-17,15810.3408203125,15236.7744140625,17211.0078125,542.9151611328,537.220703125,678.4409179688,1938.9798583984,1741.5805664062,2792.9262695312,13298.326171875,12943.5126953125,13676.564453125,NA,NA,NA,NA,2021-01-08,6.165954589799981,168.728515625,NA,NA,北海道
JP-01,HOKKAIDO,2021-01-18,15980.9267578125,15361.9423828125,17500.1015625,549.3330078125,543.2042236328,695.1787719727,1995.099609375,1779.0731201172,2929.8664550781,13406.5595703125,13026.2841796875,13810.306640625,NA,NA,NA,NA,2021-01-08,6.4178466797000056,170.5859375,NA,NA,北海道
JP-01,HOKKAIDO,2021-01-19,16142.6669921875,15483.1123046875,17767.1640625,555.967956543,549.4319458008,711.5132446289,2040.8588867188,1807.9592285156,3048.7043457031,13518.001953125,13114.107421875,13945.005859375,NA,NA,NA,NA,2021-01-08,6.634948730500014,161.740234375,NA,NA,北海道
JP-01,HOKKAIDO,2021-01-20,16306.3125,15607.837890625,18031.43359375,562.7871704102,555.8676757812,727.4697875977,2084.9001464844,1835.9888916016,3161.94921875,13631.0341796875,13205.2119140625,14079.0947265625,NA,NA,NA,NA,2021-01-08,6.8192138672000056,163.6455078125,NA,NA,北海道
JP-01,HOKKAIDO,2021-01-21,16471.296875,15736.3310546875,18291.400390625,569.7877807617,562.5055541992,743.1134643555,2127.8403320312,1863.6915283203,3270.6667480469,13746.4306640625,13300.1591796875,14214.1435546875,NA,NA,NA,NA,2021-01-08,7.000610351499972,164.984375,NA,NA,北海道
JP-01,HOKKAIDO,2021-01-22,16636.904296875,15867.7978515625,18546.439453125,576.9692382812,569.3428344727,758.4963378906,2169.3093261719,1890.7177734375,3374.4086914062,13863.892578125,13398.52734375,14350.0263671875,NA,NA,NA,NA,2021-01-08,7.181457519499986,165.607421875,NA,NA,北海道
JP-01,HOKKAIDO,2021-01-23,16795.96875,15996.2490234375,18784.7109375,584.3377075195,576.3845214844,773.6656494141,2203.2058105469,1911.740234375,3463.6657714844,13983.1201171875,13499.8994140625,14486.23828125,NA,NA,NA,NA,2021-01-08,7.368469238300008,159.064453125,NA,NA,北海道
JP-01,HOKKAIDO,2021-01-24,16953.787109375,16125.23828125,19016.2734375,591.8693237305,583.6052246094,788.6326904297,2233.7099609375,1930.4105224609,3544.91796875,14103.607421875,13603.6591796875,14622.3896484375,NA,NA,NA,NA,2021-01-08,7.531616211000028,157.818359375,NA,NA,北海道
JP-01,HOKKAIDO,2021-01-25,17105.634765625,16251.30859375,19233.169921875,599.5713500977,591.0088500977,803.4583740234,2257.5766601562,1943.921875,3613.0637207031,14225.28515625,13709.611328125,14758.9892578125,NA,NA,NA,NA,2021-01-08,7.7020263672000056,151.84765625,NA,NA,北海道
JP-01,HOKKAIDO,2021-01-26,17264.16015625,16383.884765625,19457.9921875,607.3807373047,598.5333862305,818.0854492188,2285.0234375,1961.0622558594,3684.5625,14348.2353515625,13817.763671875,14896.2001953125,NA,NA,NA,NA,2021-01-08,7.809387206999986,158.525390625,NA,NA,北海道
JP-01,HOKKAIDO,2021-01-27,17418.734375,16515.328125,19671.916015625,615.3473510742,606.2258911133,832.6185302734,2308.9897460938,1975.7147216797,3748.2919921875,14471.8408203125,13927.4189453125,15033.6865234375,NA,NA,NA,NA,2021-01-08,7.966613769499986,154.57421875,NA,NA,北海道
JP-01,HOKKAIDO,2021-01-28,17585.271484375,16657.2109375,19903.080078125,623.4302368164,614.0456542969,847.0176391602,2341.6040039062,1998.2156982422,3824.1237792969,14596.5791015625,14038.9609375,15171.2626953125,NA,NA,NA,NA,2021-01-08,8.082885742200006,166.537109375,NA,NA,北海道
JP-01,HOKKAIDO,2021-01-29,17753.201171875,16802.478515625,20131.916015625,631.6838378906,622.0438232422,861.3957519531,2375.3776855469,2022.1032714844,3900.2058105469,14722.8359375,14152.6689453125,15310.0419921875,NA,NA,NA,NA,2021-01-08,8.253601074199992,167.9296875,NA,NA,北海道
JP-01,HOKKAIDO,2021-01-30,17910.2265625,16940.62890625,20337.767578125,640.112121582,630.2244262695,875.7719726562,2398.3818359375,2037.1928710938,3956.9658203125,14850.318359375,14268.208984375,15449.23828125,NA,NA,NA,NA,2021-01-08,8.428283691399997,157.025390625,NA,NA,北海道
JP-01,HOKKAIDO,2021-01-31,18056.57421875,17070.814453125,20523.1015625,648.6748657227,638.5462036133,890.119140625,2410.1188964844,2043.0821533203,3993.4677734375,14978.2763671875,14384.79296875,15588.3505859375,NA,NA,NA,NA,2021-01-08,8.562744140700033,146.34765625,NA,NA,北海道
JP-01,HOKKAIDO,2021-02-01,18202.619140625,17200.826171875,20707.916015625,657.3453369141,646.9810791016,904.4359130859,2420.1452636719,2047.8858642578,4025.5935058594,15106.16796875,14501.8310546875,15727.857421875,NA,NA,NA,NA,2021-01-08,8.670471191399997,146.044921875,NA,NA,北海道
JP-01,HOKKAIDO,2021-02-02,18346.6640625,17330.2265625,20886.779296875,666.0919189453,655.4984741211,918.678527832,2427.8156738281,2051.0261230469,4052.3413085938,15234.5908203125,14619.8701171875,15867.576171875,NA,NA,NA,NA,2021-01-08,8.746582031199978,144.044921875,NA,NA,北海道
JP-01,HOKKAIDO,2021-02-03,18494.390625,17462.9140625,21071.029296875,674.9267578125,664.1098632812,932.8764038086,2438.8879394531,2057.3415527344,4083.4594726562,15362.357421875,14737.728515625,16006.138671875,NA,NA,NA,NA,2021-01-08,8.834838867200006,147.7265625,NA,NA,北海道
JP-01,HOKKAIDO,2021-02-04,18649.677734375,17602.48046875,21266.177734375,683.8522949219,672.8167114258,947.0487060547,2456.6264648438,2069.5480957031,4124.619140625,15490.556640625,14856.3974609375,16144.61328125,NA,NA,NA,NA,2021-01-08,8.925537109400011,155.287109375,NA,NA,北海道
JP-01,HOKKAIDO,2021-02-05,18816.916015625,17752.515625,21479.6171875,692.9014892578,681.6511230469,961.2486572266,2485.2189941406,2091.1335449219,4183.0708007812,15619.2783203125,14975.931640625,16282.861328125,NA,NA,NA,NA,2021-01-08,9.049194335899983,167.23828125,NA,NA,北海道
JP-02,AOMORI,2021-01-09,562.4603271484,558.5189819336,572.9323730469,8.2899932861,8.2762460709,8.6233701706,95.0355224609,93.4632797241,101.8249206543,454.8418579102,452.8551940918,457.4170837402,NA,NA,NA,NA,2021-01-08,0.28999328609999964,8.460327148399983,NA,NA,青森県
JP-02,AOMORI,2021-01-10,570.4448852539,562.592956543,591.1560668945,8.5931348801,8.5657911301,9.2532529831,96.9849090576,93.9327850342,110.1631546021,458.8958435059,455.0892028809,463.7303771973,NA,NA,NA,NA,2021-01-08,0.3031415939999995,7.984558105500014,NA,NA,青森県
JP-02,AOMORI,2021-01-11,578.0120849609,566.5283813477,608.178527832,8.908531189,8.8677463531,9.8889160156,99.4824523926,95.0117492676,118.7750167847,463.1123962402,457.6364746094,469.8427429199,NA,NA,NA,NA,2021-01-08,0.3153963089000005,7.567199706999986,NA,NA,青森県
JP-02,AOMORI,2021-01-12,585.2171020508,570.4268188477,623.9829101562,9.2333087921,9.1792545319,10.5278997421,101.9540405273,96.134803772,127.0605621338,467.4829101562,460.4733886719,475.8145751953,NA,NA,NA,NA,2021-01-08,0.32477760310000114,7.205017089900025,NA,NA,青森県
JP-02,AOMORI,2021-01-13,592.0847167969,574.2916870117,638.7291259766,9.5669393539,9.4997787476,11.170545578,104.17237854,97.0878753662,134.7430877686,471.9456787109,463.5239257812,481.7253417969,NA,NA,NA,NA,2021-01-08,0.3336305617999997,6.867614746100003,NA,NA,青森県
JP-02,AOMORI,2021-01-14,598.6806640625,578.1604003906,652.4877319336,9.9073295593,9.8272657394,11.8141622543,106.0686569214,97.8098068237,141.7079620361,476.5181274414,466.7932128906,487.5939331055,NA,NA,NA,NA,2021-01-08,0.3403902054000003,6.595947265599989,NA,NA,青森県
JP-02,AOMORI,2021-01-15,605.1663208008,582.135559082,665.5324707031,10.2534637451,10.160733223,12.4572315216,107.7168502808,98.3726348877,148.0371856689,481.1721801758,470.2429199219,493.3954162598,NA,NA,NA,NA,2021-01-08,0.34613418579999866,6.485656738300008,NA,NA,青森県
JP-02,AOMORI,2021-01-16,611.203125,585.9575805664,677.3170776367,10.6052207947,10.500087738,13.0993204117,108.9698410034,98.6440429688,153.5185546875,485.894744873,473.850769043,499.129699707,NA,NA,NA,NA,2021-01-08,0.35175704959999976,6.036804199199992,NA,NA,青森県
JP-02,AOMORI,2021-01-17,617.0426025391,589.7751464844,688.3654174805,10.9614057541,10.8441781998,13.7388620377,109.9171524048,98.7071151733,158.2673797607,490.6617126465,477.583984375,504.8338317871,NA,NA,NA,NA,2021-01-08,0.35618495940000017,5.839477539100017,NA,NA,青森県
JP-02,AOMORI,2021-01-18,622.7092285156,593.6017456055,698.7360839844,11.3215799332,11.1925544739,14.3756456375,110.6168365479,98.6139602661,162.3681335449,495.4626159668,481.4248962402,510.5079650879,NA,NA,NA,NA,2021-01-08,0.36017417910000127,5.666625976499972,NA,NA,青森県
JP-02,AOMORI,2021-01-19,628.2325439453,597.45703125,708.4849243164,11.6832685471,11.5427560806,15.006819725,111.1061859131,98.3963165283,165.8833618164,500.311126709,485.3796081543,516.1740112305,NA,NA,NA,NA,2021-01-08,0.3616886139000002,5.5233154297000056,NA,NA,青森県
JP-02,AOMORI,2021-01-20,633.6148071289,601.3179931641,717.6823120117,12.0467271805,11.8950204849,15.6329803467,111.4304199219,98.091796875,168.8927307129,505.1508483887,489.3872070312,521.7814941406,NA,NA,NA,NA,2021-01-08,0.36345863339999873,5.382263183600003,NA,NA,青森県
JP-02,AOMORI,2021-01-21,638.8921508789,605.2139282227,726.5275878906,12.4105949402,12.2480068207,16.2534275055,111.6080551147,97.7151031494,171.4486846924,510.0120239258,493.4724121094,527.493347168,NA,NA,NA,NA,2021-01-08,0.36386775969999974,5.27734375,NA,NA,青森県
JP-02,AOMORI,2021-01-22,644.1683349609,609.1970214844,735.1619873047,12.7745723724,12.6014089584,16.8675422668,111.7218551636,97.3340606689,173.688583374,514.8748168945,497.6101989746,533.2087402344,NA,NA,NA,NA,2021-01-08,0.36397743220000045,5.276184081999986,NA,NA,青森県
JP-02,AOMORI,2021-01-23,649.1632080078,613.0933227539,742.9830322266,13.1391324997,12.9556674957,17.4758205414,111.6569213867,96.8441925049,175.4452972412,519.731262207,501.7875366211,538.8609008789,NA,NA,NA,NA,2021-01-08,0.36456012730000076,4.994873046900011,NA,NA,青森県
JP-02,AOMORI,2021-01-24,654.0654296875,616.9798583984,750.7473144531,13.5038909912,13.3101406097,18.0812606812,111.4754867554,96.2997207642,176.8518829346,524.5677490234,505.9798583984,544.7345581055,NA,NA,NA,NA,2021-01-08,0.36475849149999995,4.9022216797000056,NA,NA,青森県
JP-02,AOMORI,2021-01-25,658.8924560547,620.8781738281,758.2786865234,13.8690338135,13.6652812958,18.6818847656,111.2133255005,95.726524353,177.9642944336,529.3844604492,510.192779541,550.6371459961,NA,NA,NA,NA,2021-01-08,0.3651428222999993,4.8270263672000056,NA,NA,青森県
JP-02,AOMORI,2021-01-26,663.658203125,624.803894043,765.6174316406,14.2326307297,14.0191574097,19.2756710052,110.880859375,95.1305923462,178.8153839111,534.2052612305,514.4451904297,556.6198120117,NA,NA,NA,NA,2021-01-08,0.36359691620000056,4.7657470702999944,NA,NA,青森県
JP-02,AOMORI,2021-01-27,668.3556518555,628.725769043,772.9741210938,14.5954475403,14.3722743988,19.8662414551,110.5074462891,94.5352249146,179.4775085449,538.9819946289,518.6801147461,562.7864990234,NA,NA,NA,NA,2021-01-08,0.36281681060000004,4.697448730500014,NA,NA,青森県
JP-02,AOMORI,2021-01-28,673.0072021484,632.6671142578,779.934387207,14.9564533234,14.7238731384,20.4480209351,110.087928772,93.9288330078,179.9250335693,543.7518920898,522.9381103516,568.7718505859,NA,NA,NA,NA,2021-01-08,0.36100578309999953,4.6515502928999695,NA,NA,青森県
JP-02,AOMORI,2021-01-29,677.6983032227,636.6751708984,787.0397949219,15.3157463074,15.0739946365,21.0240116119,109.6845474243,93.3652191162,180.2947235107,548.5007324219,527.2036743164,574.8796386719,NA,NA,NA,NA,2021-01-08,0.35929298399999965,4.691101074300036,NA,NA,青森県
JP-02,AOMORI,2021-01-30,682.1747436523,640.6076049805,793.4832763672,15.6739940643,15.4233112335,21.5937423706,109.1852111816,92.7434616089,180.3954620361,553.2239990234,531.4700927734,580.8495483398,NA,NA,NA,NA,2021-01-08,0.3582477569000009,4.476440429599961,NA,NA,青森県
JP-02,AOMORI,2021-01-31,686.5981445312,644.5212402344,799.3632202148,16.0309963226,15.771900177,22.1530971527,108.6350326538,92.0969009399,180.2906494141,557.9124145508,535.7311401367,586.3933105469,NA,NA,NA,NA,2021-01-08,0.35700225829999965,4.423400878899997,NA,NA,青森県
JP-02,AOMORI,2021-02-01,690.9826049805,648.432434082,805.0506591797,16.3871994019,16.1198921204,22.706829071,108.0604553223,91.449432373,180.0563049316,562.5684814453,539.9827880859,591.8400878906,NA,NA,NA,NA,2021-01-08,0.3562030792999984,4.384460449300036,NA,NA,青森県
JP-02,AOMORI,2021-02-02,695.3354492188,652.3552856445,810.3751220703,16.7408485413,16.4655685425,23.2515487671,107.4623413086,90.7982559204,179.6924133301,567.2174682617,544.2485351562,597.0654296875,NA,NA,NA,NA,2021-01-08,0.35364913940000164,4.352844238300008,NA,NA,青森県
JP-02,AOMORI,2021-02-03,699.6475219727,656.2677612305,815.2037963867,17.0927829742,16.8100090027,23.7857780457,106.8643875122,90.1599731445,179.2361450195,571.8145141602,548.4874267578,601.8696289062,NA,NA,NA,NA,2021-01-08,0.3519344328999985,4.312072753899997,NA,NA,青森県
JP-02,AOMORI,2021-02-04,703.9371337891,660.188659668,819.9526977539,17.4422531128,17.1521263123,24.313583374,106.2559967041,89.5276870728,178.702911377,576.3970336914,552.7271118164,606.6703491211,NA,NA,NA,NA,2021-01-08,0.349470138600001,4.289611816399997,NA,NA,青森県
JP-02,AOMORI,2021-02-05,708.2810058594,664.1549072266,824.49609375,17.7893562317,17.4921531677,24.8318099976,105.6907196045,88.9423675537,178.1706390381,580.9525756836,556.9575195312,611.169921875,NA,NA,NA,NA,2021-01-08,0.34710311890000156,4.3438720702999944,NA,NA,青森県
JP-03,IWATE,2021-01-09,413.8052062988,411.3141174316,420.8317871094,25.1207351685,25.0759525299,26.1601715088,45.9550819397,45.1966590881,49.2592048645,340.5971374512,339.0882263184,342.8989868164,NA,NA,NA,NA,2021-01-08,0.12073516850000132,3.8052062987999875,NA,NA,岩手県
JP-03,IWATE,2021-01-10,417.4226074219,412.5244140625,431.3395996094,25.2464447021,25.1607284546,27.2383460999,45.8468971252,44.4090194702,52.128276825,343.2543945312,340.3655090332,347.8581237793,NA,NA,NA,NA,2021-01-08,0.12570953359999848,3.6174011231000236,NA,NA,岩手県
JP-03,IWATE,2021-01-11,420.8743591309,413.7627258301,441.2003173828,25.3765602112,25.2532863617,28.2408161163,46.0944671631,44.0317420959,55.1217689514,345.9592285156,341.8066101074,352.7359619141,NA,NA,NA,NA,2021-01-08,0.13011550910000125,3.451751709000007,NA,NA,岩手県
JP-03,IWATE,2021-01-12,424.181640625,415.0733337402,450.1445007324,25.5096282959,25.3528747559,29.1634216309,46.426399231,43.7873840332,57.9755020142,348.7106628418,343.4040222168,357.3138122559,NA,NA,NA,NA,2021-01-08,0.13306808469999964,3.307281494099982,NA,NA,岩手県
JP-03,IWATE,2021-01-13,427.354095459,416.4426269531,458.4920959473,25.6454925537,25.4576911926,30.0241756439,46.7222976685,43.5578613281,60.5791244507,351.4794616699,345.1088562012,361.8361206055,NA,NA,NA,NA,2021-01-08,0.135864257799998,3.172454834000007,NA,NA,岩手県
JP-03,IWATE,2021-01-14,430.418762207,417.8887634277,466.2019958496,25.7831935883,25.5671291351,30.8236141205,46.9353370667,43.2963104248,62.8784370422,354.272644043,346.9280395508,366.2270812988,NA,NA,NA,NA,2021-01-08,0.13770103460000271,3.064666747999979,NA,NA,岩手県
JP-03,IWATE,2021-01-15,433.4485778809,419.4510498047,473.2437133789,25.9222259521,25.6812801361,31.5588264465,47.0862083435,43.0183563232,64.9011688232,357.0765380859,348.8441772461,370.3113098145,NA,NA,NA,NA,2021-01-08,0.1390323637999984,3.029815673900032,NA,NA,岩手県
JP-03,IWATE,2021-01-16,436.283782959,420.9915771484,479.4289855957,26.0625648499,25.7987575531,32.2402839661,47.1067657471,42.6600074768,66.5635070801,359.8854064941,350.8339233398,374.1371154785,NA,NA,NA,NA,2021-01-08,0.14033889779999953,2.835205078099989,NA,NA,岩手県
JP-03,IWATE,2021-01-17,439.0414733887,422.5749206543,485.0267944336,26.2036800385,25.9187965393,32.8740577698,47.0326499939,42.2524223328,67.9211883545,362.6848754883,352.8781433105,377.7226867676,NA,NA,NA,NA,2021-01-08,0.1411151886000006,2.7576904297000056,NA,NA,岩手県
JP-03,IWATE,2021-01-18,441.7302856445,424.2027587891,490.2367858887,26.3455257416,26.0412635803,33.4674987793,46.8848152161,41.8135299683,69.0200805664,365.4724121094,354.9689941406,381.2250366211,NA,NA,NA,NA,2021-01-08,0.14184570309999955,2.6888122557999736,NA,NA,岩手県
JP-03,IWATE,2021-01-19,444.3616333008,425.8829345703,495.0662841797,26.4871349335,26.1653747559,34.0216407776,46.6765556335,41.3529815674,69.888458252,368.2561645508,357.1132507324,384.6342163086,NA,NA,NA,NA,2021-01-08,0.14160919189999888,2.631347656300022,NA,NA,岩手県
JP-03,IWATE,2021-01-20,446.9346618652,427.5948791504,499.5468444824,26.6286697388,26.2909927368,34.5403823853,46.4222412109,40.8809585571,70.5581054688,371.0135803223,359.2799682617,387.9248962402,NA,NA,NA,NA,2021-01-08,0.14153480530000095,2.5730285643999764,NA,NA,岩手県
JP-03,IWATE,2021-01-21,449.4647827148,429.3467407227,503.7229919434,26.769613266,26.4172954559,35.027130127,46.1281318665,40.4008865356,71.0493545532,373.7594299316,361.4791564941,391.1242370605,NA,NA,NA,NA,2021-01-08,0.14094352720000103,2.530120849599996,NA,NA,岩手県
JP-03,IWATE,2021-01-22,452.0003051758,431.1587219238,507.7702941895,26.9099121094,26.5438346863,35.4870796204,45.8280334473,39.9403152466,71.4270477295,376.4862976074,363.6978759766,394.2817687988,NA,NA,NA,NA,2021-01-08,0.1402988434000001,2.5355224610000278,NA,NA,岩手県
JP-03,IWATE,2021-01-23,454.4064941406,432.955291748,511.316192627,27.0497646332,26.6714839935,35.9174728394,45.4698104858,39.4509506226,71.6150283813,379.1929626465,365.9385375977,397.2940673828,NA,NA,NA,NA,2021-01-08,0.13985252379999835,2.4061889647999806,NA,NA,岩手県
JP-03,IWATE,2021-01-24,456.7729492188,434.7687683105,514.6058349609,27.1889839172,26.7997894287,36.3216400146,45.0785675049,38.9528617859,71.6617965698,381.8727722168,368.189453125,400.1836853027,NA,NA,NA,NA,2021-01-08,0.13921928400000283,2.3664550782000333,NA,NA,岩手県
JP-03,IWATE,2021-01-25,459.1080322266,436.6036682129,517.6904296875,27.3276863098,26.9287643433,36.7023696899,44.6698913574,38.4578552246,71.6013259888,384.526184082,370.4475097656,402.9807128906,NA,NA,NA,NA,2021-01-08,0.13870239259999906,2.3350830077999944,NA,NA,岩手県
JP-03,IWATE,2021-01-26,461.4181213379,438.4645690918,520.6978759766,27.4651813507,27.0573005676,37.0647315979,44.2496948242,37.9699020386,71.4553146362,387.1636352539,372.7180480957,405.8068847656,NA,NA,NA,NA,2021-01-08,0.1374950408999993,2.3100891112999875,NA,NA,岩手県
JP-03,IWATE,2021-01-27,463.6991577148,440.3359375,523.5268554688,27.6017341614,27.1857299805,37.4075469971,43.8272857666,37.4944915771,71.2412567139,389.7658996582,374.9794311523,408.5284729004,NA,NA,NA,NA,2021-01-08,0.13655281069999958,2.2810363768999764,NA,NA,岩手県
JP-03,IWATE,2021-01-28,465.9624633789,442.2262268066,526.3236694336,27.737039566,27.3133811951,37.7360534668,43.4023513794,37.030620575,70.9700698853,392.3490600586,377.2432250977,411.2850036621,NA,NA,NA,NA,2021-01-08,0.1353054046000004,2.2633056641000167,NA,NA,岩手県
JP-03,IWATE,2021-01-29,468.2485351562,444.1555786133,529.0543212891,27.871099472,27.4406337738,38.0469741821,43.0010108948,36.5983581543,70.6856384277,394.9076843262,379.5053100586,413.9489746094,NA,NA,NA,NA,2021-01-08,0.13405990600000095,2.2860717772999806,NA,NA,岩手県
JP-03,IWATE,2021-01-30,470.4340820312,446.0575256348,531.548828125,28.0042705536,27.5674438477,38.3454017639,42.5731315613,36.1542510986,70.3144607544,397.4415283203,381.7609863281,416.6072692871,NA,NA,NA,NA,2021-01-08,0.13317108160000046,2.185546875,NA,NA,岩手県
JP-03,IWATE,2021-01-31,472.5978088379,447.9573669434,534.0040893555,28.1364688873,27.6937618256,38.6321525574,42.1374130249,35.7131462097,69.8915557861,399.9460754395,384.0049438477,419.2540283203,NA,NA,NA,NA,2021-01-08,0.1321983336999999,2.1637268067000264,NA,NA,岩手県
JP-03,IWATE,2021-02-01,474.7460021973,449.8606567383,536.4173583984,28.2678642273,27.8196296692,38.9083251953,41.704914093,35.2832984924,69.438949585,402.4228210449,386.2366638184,421.8784179688,NA,NA,NA,NA,2021-01-08,0.13139533999999742,2.148193359400011,NA,NA,岩手県
JP-03,IWATE,2021-02-02,476.8821105957,451.7740783691,538.6991577148,28.3977909088,27.94439888,39.1719551086,41.2775421143,34.864982605,68.9607467651,404.8826293945,388.4657897949,424.4107666016,NA,NA,NA,NA,2021-01-08,0.12992668150000242,2.1361083983999833,NA,NA,岩手県
JP-03,IWATE,2021-02-03,479.0017089844,453.6871337891,540.9490966797,28.5266437531,28.0684986115,39.4259910583,40.8620185852,34.4634742737,68.474647522,407.3082580566,390.6749572754,426.9143371582,NA,NA,NA,NA,2021-01-08,0.128852844299999,2.1195983887000125,NA,NA,岩手県
JP-03,IWATE,2021-02-04,481.1131286621,455.6082458496,543.104309082,28.6541156769,28.1916294098,39.6691474915,40.4553565979,34.075138092,67.9765701294,409.7153625488,392.8778991699,429.3416442871,NA,NA,NA,NA,2021-01-08,0.12747192379999817,2.1114196776999847,NA,NA,岩手県
JP-03,IWATE,2021-02-05,483.2541503906,457.5540771484,545.3521728516,28.78033638,28.3137454987,39.9050216675,40.0803871155,33.7190246582,67.5110244751,412.0995178223,395.068359375,431.7801818848,NA,NA,NA,NA,2021-01-08,0.1262207031000031,2.141021728499993,NA,NA,岩手県
JP-04,MIYAGI,2021-01-09,2532.8737792969,2515.5549316406,2578.1745605469,16.2555732727,16.2281780243,16.9124107361,400.3213500977,393.7372436523,429.0766601562,2098.1203613281,2088.9128417969,2110.76953125,NA,NA,NA,NA,2021-01-08,0.2555732727000013,76.87377929690001,NA,NA,宮城県
JP-04,MIYAGI,2021-01-10,2591.9345703125,2558.0190429688,2682.3186035156,16.5877017975,16.534286499,17.8663024902,430.6053466797,417.1552734375,489.4977111816,2127.6884765625,2109.9545898438,2152.1313476562,NA,NA,NA,NA,2021-01-08,0.3321285247999981,59.06079101559999,NA,NA,宮城県
JP-04,MIYAGI,2021-01-11,2637.6721191406,2588.9074707031,2769.1958007812,16.940952301,16.8627090454,18.8111190796,447.6742858887,427.7346191406,535.1563720703,2159.3210449219,2133.6604003906,2194.8654785156,NA,NA,NA,NA,2021-01-08,0.3532505035,45.73754882809999,NA,NA,宮城県
JP-04,MIYAGI,2021-01-12,2685.8688964844,2622.6242675781,2857.5783691406,17.2974433899,17.1955509186,19.7298736572,462.8157348633,436.6528320312,577.7424316406,2191.9858398438,2158.943359375,2237.9072265625,NA,NA,NA,NA,2021-01-08,0.35649108890000036,48.19677734380002,NA,NA,宮城県
JP-04,MIYAGI,2021-01-13,2730.8703613281,2654.3974609375,2939.1733398438,17.6665477753,17.5422515869,20.6337184906,474.4674072266,442.5141601562,614.9009399414,2225.642578125,2185.720703125,2281,NA,NA,NA,NA,2021-01-08,0.3691043854,45.00146484369998,NA,NA,宮城県
JP-04,MIYAGI,2021-01-14,2778.7248535156,2689.3552246094,3022.7468261719,18.0425739288,17.8969116211,21.5193023682,486.8589172363,449.3110656738,651.8507080078,2260.2631835938,2213.9045410156,2324.5046386719,NA,NA,NA,NA,2021-01-08,0.3760261534999998,47.8544921875,NA,NA,宮城県
JP-04,MIYAGI,2021-01-15,2819.2919921875,2719.1533203125,3092.3088378906,18.4295120239,18.2636318207,22.3904876709,493.0946655273,450.6971130371,679.1853637695,2295.9245605469,2243.5354003906,2367.8872070312,NA,NA,NA,NA,2021-01-08,0.38693809509999966,40.56713867190001,NA,NA,宮城県
JP-04,MIYAGI,2021-01-16,2851.9267578125,2742.8503417969,3147.1352539062,18.8174057007,18.63230896,23.23736763,491.4346313477,445.2301635742,693.8588256836,2332.0012207031,2273.9487304688,2410.5532226562,NA,NA,NA,NA,2021-01-08,0.387893676800001,32.634765625,NA,NA,宮城県
JP-04,MIYAGI,2021-01-17,2878.9125976562,2762.2145996094,3190.9616699219,19.1997413635,18.996471405,24.0529823303,483.8938293457,434.8727111816,698.1867675781,2367.859375,2304.4943847656,2452.0771484375,NA,NA,NA,NA,2021-01-08,0.3823356627999992,26.985839843699978,NA,NA,宮城県
JP-04,MIYAGI,2021-01-18,2903.0849609375,2779.5856933594,3228.3386230469,19.574048996,19.3536148071,24.8356075287,473.4278259277,422.343536377,696.2316894531,2403.076171875,2334.7331542969,2492.1352539062,NA,NA,NA,NA,2021-01-08,0.374307632499999,24.172363281300022,NA,NA,宮城県
JP-04,MIYAGI,2021-01-19,2925.7521972656,2796.1821289062,3261.5622558594,19.9378967285,19.7012863159,25.584072113,461.7835998535,409.2043457031,690.6373291016,2437.568359375,2364.5610351562,2530.9807128906,NA,NA,NA,NA,2021-01-08,0.3638477325000018,22.66723632809999,NA,NA,宮城県
JP-04,MIYAGI,2021-01-20,2947.4548339844,2812.4572753906,3291.751953125,20.2927913666,20.0409412384,26.3013744354,449.9011230469,396.2587280273,682.9768066406,2471.1076660156,2393.7380371094,2568.4560546875,NA,NA,NA,NA,2021-01-08,0.3548946380999993,21.702636718800022,NA,NA,宮城県
JP-04,MIYAGI,2021-01-21,2969.0068359375,2829.0617675781,3320.2863769531,20.6380271912,20.371837616,26.9875030518,438.5037231445,384.097442627,674.5410766602,2503.8129882812,2422.3603515625,2604.6662597656,NA,NA,NA,NA,2021-01-08,0.3452358245999996,21.55200195309999,NA,NA,宮城県
JP-04,MIYAGI,2021-01-22,2989.7199707031,2845.4836425781,3346.5856933594,20.9747619629,20.6948680878,27.6470603943,427.2388916016,372.3692626953,665.0135498047,2535.7004394531,2450.4047851562,2640.1457519531,NA,NA,NA,NA,2021-01-08,0.33673477170000155,20.71313476559999,NA,NA,宮城県
JP-04,MIYAGI,2021-01-23,3008.455078125,2860.759765625,3368.5388183594,21.3032455444,21.0104427338,28.2797718048,415.1082458496,360.167755127,652.9569091797,2566.7419433594,2477.8459472656,2674.5041503906,NA,NA,NA,NA,2021-01-08,0.3284835814999987,18.73510742190001,NA,NA,宮城県
JP-04,MIYAGI,2021-01-24,3025.5593261719,2874.9965820312,3387.6435546875,21.6225452423,21.3176002502,28.8866481781,402.2568664551,347.6000671387,638.7257080078,2596.84375,2504.5808105469,2708.1809082031,NA,NA,NA,NA,2021-01-08,0.3192996979,17.10424804690001,NA,NA,宮城県
JP-04,MIYAGI,2021-01-25,3041.8178710938,2888.7216796875,3405.5048828125,21.9326877594,21.6161766052,29.4697132111,389.3616943359,335.2258605957,623.4990234375,2625.9692382812,2530.5405273438,2741.2282714844,NA,NA,NA,NA,2021-01-08,0.31014251710000096,16.25854492190001,NA,NA,宮城県
JP-04,MIYAGI,2021-01-26,3058.3645019531,2902.8088378906,3423.4052734375,22.2321071625,21.9047393799,30.0253677368,377.3790893555,323.8342590332,608.889465332,2654.1862792969,2555.7915039062,2773.017578125,NA,NA,NA,NA,2021-01-08,0.2994194030999999,16.546630859299967,NA,NA,宮城県
JP-04,MIYAGI,2021-01-27,3075.3002929688,2917.4006347656,3441.4482421875,22.5233650208,22.1857910156,30.5575275421,366.6490783691,313.6856079102,595.575012207,2681.447265625,2580.2785644531,2803.4340820312,NA,NA,NA,NA,2021-01-08,0.29125785829999984,16.935791015700033,NA,NA,宮城県
JP-04,MIYAGI,2021-01-28,3093.9025878906,2933.4213867188,3462.5944824219,22.8067264557,22.4592094421,31.0706005096,358.0425415039,305.4977111816,585.1326904297,2707.9597167969,2604.1599121094,2833.3403320312,NA,NA,NA,NA,2021-01-08,0.28336143490000154,18.602294921799967,NA,NA,宮城県
JP-04,MIYAGI,2021-01-29,3114.7756347656,2951.462890625,3487.033203125,23.0847988129,22.7281169891,31.5644207001,352.1396179199,299.729675293,578.6068115234,2733.8557128906,2627.6015625,2862.1499023438,NA,NA,NA,NA,2021-01-08,0.27807235719999923,20.873046875,NA,NA,宮城県
JP-04,MIYAGI,2021-01-30,3135.60546875,2969.931640625,3510.529296875,23.3606758118,22.9952697754,32.0457878113,347.1030273438,294.793182373,573.0973510742,2759.3310546875,2650.7609863281,2890.2663574219,NA,NA,NA,NA,2021-01-08,0.2758769988999994,20.82983398440001,NA,NA,宮城県
JP-04,MIYAGI,2021-01-31,3156.1345214844,2988.4123535156,3532.6423339844,23.6339683533,23.2603111267,32.5137138367,342.3141174316,290.1471557617,567.6279907227,2784.4313964844,2673.6813964844,2917.4289550781,NA,NA,NA,NA,2021-01-08,0.27329254149999826,20.52905273440001,NA,NA,宮城県
JP-04,MIYAGI,2021-02-01,3175.392578125,3006.1213378906,3551.4675292969,23.9047851562,23.5234298706,32.9679107666,336.8763122559,285.0207214355,560.7409667969,2809.1711425781,2696.3664550781,2943.4252929688,NA,NA,NA,NA,2021-01-08,0.27081680290000065,19.25805664059999,NA,NA,宮城県
JP-04,MIYAGI,2021-02-02,3193.6530761719,3023.12109375,3568.8662109375,24.1702213287,23.7815570831,33.4087715149,330.8004150391,279.4253234863,552.5244140625,2833.5617675781,2718.8100585938,2969.3696289062,NA,NA,NA,NA,2021-01-08,0.2654361724999994,18.26049804690001,NA,NA,宮城県
JP-04,MIYAGI,2021-02-03,3210.986328125,3039.4057617188,3584.7458496094,24.430683136,24.0350704193,33.8366355896,324.2647094727,273.5037536621,543.2817993164,2857.4384765625,2740.8513183594,2994.7124023438,NA,NA,NA,NA,2021-01-08,0.26046180730000046,17.33325195309999,NA,NA,宮城県
JP-04,MIYAGI,2021-02-04,3227.6823730469,3055.2197265625,3599.4409179688,24.6851539612,24.2832603455,34.2485389709,317.4877319336,267.4332580566,533.3961791992,2880.8637695312,2762.5576171875,3019.3779296875,NA,NA,NA,NA,2021-01-08,0.2544708252000021,16.69604492190001,NA,NA,宮城県
JP-04,MIYAGI,2021-02-05,3243.9904785156,3070.7280273438,3613.7380371094,24.933801651,24.5259246826,34.6473388672,310.7563171387,261.451385498,523.3858032227,2903.7941894531,2783.8569335938,3043.6130371094,NA,NA,NA,NA,2021-01-08,0.24864768979999852,16.308105468699978,NA,NA,宮城県
JP-05,AKITA,2021-01-09,168.0886077881,166.792388916,171.7360229492,1.0491937399,1.0474603176,1.0914524794,34.2321777344,33.6671943665,36.6841239929,130.9491882324,130.3776397705,131.7684783936,NA,NA,NA,NA,2021-01-08,0.04919373989999998,3.0886077881000062,NA,NA,秋田県
JP-05,AKITA,2021-01-10,170.9284973145,168.3233947754,178.4007720947,1.1020017862,1.0985018015,1.1875429153,34.1637420654,33.0940933228,38.8398208618,132.9600067139,131.8592529297,134.7527008057,NA,NA,NA,NA,2021-01-08,0.05280804630000002,2.839889526399986,NA,NA,秋田県
JP-05,AKITA,2021-01-11,173.5505065918,169.7344207764,184.6645507812,1.157034874,1.1517323256,1.2866368294,34.3528633118,32.8198242188,41.0871429443,135.0171051025,133.4236297607,137.8069610596,NA,NA,NA,NA,2021-01-08,0.05503308780000005,2.622009277300009,NA,NA,秋田県
JP-05,AKITA,2021-01-12,175.9821472168,171.0815887451,190.3767089844,1.2130950689,1.2059645653,1.387059927,34.5803565979,32.6219596863,43.2051620483,137.1148376465,135.0607147217,140.8300323486,NA,NA,NA,NA,2021-01-08,0.056060194899999916,2.431640625,NA,NA,秋田県
JP-05,AKITA,2021-01-13,178.2401275635,172.3788757324,195.5436859131,1.2697687149,1.2607985735,1.4881205559,34.7438316345,32.3998069763,45.0804901123,139.2271575928,136.741973877,143.7931365967,NA,NA,NA,NA,2021-01-08,0.05667364600000013,2.257980346700009,NA,NA,秋田県
JP-05,AKITA,2021-01-14,180.3526306152,173.6463775635,200.2220611572,1.3265182972,1.3157094717,1.5890548229,34.8025856018,32.1149482727,46.6657524109,141.3550567627,138.4662475586,146.7129821777,NA,NA,NA,NA,2021-01-08,0.056749582299999934,2.1125030517000027,NA,NA,秋田県
JP-05,AKITA,2021-01-15,182.3776397705,174.916809082,204.5352478027,1.383097291,1.3704615831,1.6894180775,34.7670440674,31.7764759064,47.9773216248,143.4856872559,140.2189941406,149.5896148682,NA,NA,NA,NA,2021-01-08,0.056578993799999866,2.0250091552999834,NA,NA,秋田県
JP-05,AKITA,2021-01-16,184.2168273926,176.1112823486,208.1644439697,1.4394614697,1.4250290394,1.7883794308,34.5986328125,31.3460674286,48.9501075745,145.6122894287,141.9925842285,152.2672424316,NA,NA,NA,NA,2021-01-08,0.05636417870000021,1.8391876221000132,NA,NA,秋田県
JP-05,AKITA,2021-01-17,185.9543609619,177.2772674561,211.2000579834,1.4953614473,1.4791827202,1.885086894,34.3238105774,30.846944809,49.6188621521,147.723526001,143.7747802734,154.6629333496,NA,NA,NA,NA,2021-01-08,0.055899977599999984,1.737533569299984,NA,NA,秋田県
JP-05,AKITA,2021-01-18,187.6034393311,178.4220123291,213.8212738037,1.5507547855,1.5328812599,1.9798257351,33.9643287659,30.2993965149,50.0323257446,149.8133087158,145.5570220947,156.9030151367,NA,NA,NA,NA,2021-01-08,0.05539333819999981,1.649078369199998,NA,NA,秋田県
JP-05,AKITA,2021-01-19,189.1778259277,179.5546264648,216.1927490234,1.6052362919,1.5857219696,2.072463274,33.5368919373,29.7183418274,50.2324256897,151.8840332031,147.33934021,159.1134796143,NA,NA,NA,NA,2021-01-08,0.05448150640000016,1.5743865966000214,NA,NA,秋田県
JP-05,AKITA,2021-01-20,190.6827697754,180.6721191406,218.485244751,1.6588979959,1.6377965212,2.1634800434,33.0609893799,29.1206474304,50.2658348083,153.9168701172,149.1025085449,161.401763916,NA,NA,NA,NA,2021-01-08,0.05366170400000003,1.504943847699991,NA,NA,秋田県
JP-05,AKITA,2021-01-21,192.1320343018,181.7821960449,220.7355651855,1.7115439177,1.6889082193,2.2526798248,32.5459747314,28.5123901367,50.155090332,155.9204864502,150.8530273438,163.7855224609,NA,NA,NA,NA,2021-01-08,0.05264592179999994,1.4492645263999862,NA,NA,秋田県
JP-05,AKITA,2021-01-22,193.5566864014,182.8974609375,222.9255828857,1.7631705999,1.7390551567,2.3398087025,32.0167541504,27.9123210907,49.9400367737,157.8886413574,152.5831451416,166.1723937988,NA,NA,NA,NA,2021-01-08,0.051626682199999996,1.4246520995999958,NA,NA,秋田県
JP-05,AKITA,2021-01-23,194.8849487305,183.9768066406,224.9427185059,1.8139070272,1.7883634567,2.4251172543,31.452911377,27.3009815216,49.5984535217,159.8195800781,154.290145874,168.5862579346,NA,NA,NA,NA,2021-01-08,0.05073642729999994,1.3282623291000277,NA,NA,秋田県
JP-05,AKITA,2021-01-24,196.170211792,185.0411529541,226.9252624512,1.8637098074,1.8367847204,2.5086326599,30.8709850311,26.6910495758,49.1637840271,161.7097473145,155.9691772461,171.0338745117,NA,NA,NA,NA,2021-01-08,0.04980278020000006,1.2852630614999896,NA,NA,秋田県
JP-05,AKITA,2021-01-25,197.4194946289,186.0925445557,228.7542724609,1.912659049,1.8843976259,2.5901069641,30.2815742493,26.0886821747,48.6510162354,163.5601196289,157.6196594238,173.3890991211,NA,NA,NA,NA,2021-01-08,0.048949241599999915,1.2492828368999938,NA,NA,秋田県
JP-05,AKITA,2021-01-26,198.6383514404,187.1373748779,230.4439697266,1.960495472,1.9309463501,2.6692113876,29.688709259,25.4959716797,48.0736351013,165.3783111572,159.2489013672,175.665145874,NA,NA,NA,NA,2021-01-08,0.04783642300000013,1.2188568114999896,NA,NA,秋田県
JP-05,AKITA,2021-01-27,199.8268127441,188.1709289551,231.9932403564,2.007381916,1.9765951633,2.7460026741,29.1019058228,24.9194812775,47.4523391724,167.1520233154,160.8455963135,177.8318481445,NA,NA,NA,NA,2021-01-08,0.04688644399999986,1.1884613037000236,NA,NA,秋田県
JP-05,AKITA,2021-01-28,200.9921569824,189.1981658936,233.2886352539,2.0532047749,2.0212414265,2.8199017048,28.5199832916,24.3557929993,46.7843208313,168.8927001953,162.4201202393,179.7844543457,NA,NA,NA,NA,2021-01-08,0.04582285890000026,1.16534423829998,NA,NA,秋田県
JP-05,AKITA,2021-01-29,202.1568145752,190.2306365967,234.5101623535,2.0980272293,2.0649387836,2.8914775848,27.9577407837,23.8175182343,46.1067352295,170.5974578857,163.9688110352,181.6376037598,NA,NA,NA,NA,2021-01-08,0.04482245439999977,1.1646575928000118,NA,NA,秋田県
JP-05,AKITA,2021-01-30,203.2595062256,191.2378997803,235.475189209,2.1419935226,2.1078350544,2.9607260227,27.3935375214,23.2847557068,45.3862228394,172.2666015625,165.4916381836,183.3444671631,NA,NA,NA,NA,2021-01-08,0.043966293300000014,1.1026916504000042,NA,NA,秋田県
JP-05,AKITA,2021-01-31,204.3413696289,192.2329101562,236.2613830566,2.1850998402,2.1499314308,3.0275197029,26.8364315033,22.7641830444,44.6406936646,173.8985900879,166.9866485596,184.8775939941,NA,NA,NA,NA,2021-01-08,0.043106317599999944,1.081863403299991,NA,NA,秋田県
JP-05,AKITA,2021-02-01,205.4068603516,193.2196807861,237.037399292,2.2274568081,2.1913108826,3.0927815437,26.2920284271,22.2609272003,43.8917922974,175.4952087402,168.453338623,186.3908081055,NA,NA,NA,NA,2021-01-08,0.04235696789999999,1.065490722699991,NA,NA,秋田県
JP-05,AKITA,2021-02-02,206.4585876465,194.2026824951,237.7954864502,2.2688593864,2.231770277,3.1562418938,25.7603340149,21.7741603851,43.1422386169,177.0639953613,169.8986206055,187.8855743408,NA,NA,NA,NA,2021-01-08,0.04140257830000005,1.0517272949000187,NA,NA,秋田県
JP-05,AKITA,2021-02-03,207.4950408936,195.1775360107,238.5233306885,2.3094632626,2.2714757919,3.2179372311,25.2470149994,21.3078403473,42.4031639099,178.5948791504,171.3136749268,189.330581665,NA,NA,NA,NA,2021-01-08,0.040603876200000055,1.0364532470999848,NA,NA,秋田県
JP-05,AKITA,2021-02-04,208.5211029053,196.1483001709,239.2461090088,2.3491916656,2.3103382587,3.2780184746,24.7487068176,20.8586044312,41.6726608276,180.0983886719,172.7066650391,190.7583007812,NA,NA,NA,NA,2021-01-08,0.0397284029999998,1.02606201170002,NA,NA,秋田県
JP-05,AKITA,2021-02-05,209.5554199219,197.1231994629,239.9717712402,2.3880987167,2.3484129906,3.3363990784,24.2762546539,20.4348430634,40.9693756104,181.5724334717,174.075668335,192.1312408447,NA,NA,NA,NA,2021-01-08,0.038907051100000256,1.0343170165999993,NA,NA,秋田県
JP-06,YAMAGATA,2021-01-09,425.5562438965,422.8836669922,432.7535095215,9.2247028351,9.2090396881,9.6037330627,55.7734832764,54.8535232544,59.7815742493,358.5973205566,357.0274658203,361.0551757812,NA,NA,NA,NA,2021-01-08,0.22470283510000044,3.556243896500007,NA,NA,山形県
JP-06,YAMAGATA,2021-01-10,428.895324707,423.697479248,442.7453308105,9.4487037659,9.4183044434,10.184967041,54.5165901184,52.8062820435,61.9711494446,362.1538085938,359.1431274414,366.8682556152,NA,NA,NA,NA,2021-01-08,0.22400093079999905,3.339080810499979,NA,NA,山形県
JP-06,YAMAGATA,2021-01-11,432.0518798828,424.5698852539,451.7760314941,9.6713533401,9.6268730164,10.7475881577,53.6613960266,51.2573280334,64.1359939575,365.6523742676,361.3206481934,372.3395385742,NA,NA,NA,NA,2021-01-08,0.2226495742000001,3.1565551758000083,NA,NA,山形県
JP-06,YAMAGATA,2021-01-12,435.0462646484,425.5288085938,459.9596252441,9.8915071487,9.833565712,11.2915410995,52.9349746704,49.9224281311,66.0588684082,369.1101989746,363.5649108887,377.5896606445,NA,NA,NA,NA,2021-01-08,0.220153808600001,2.994384765599989,NA,NA,山形県
JP-06,YAMAGATA,2021-01-13,437.8883972168,426.5620727539,467.3337402344,10.1093797684,10.0385932922,11.8172559738,52.2222747803,48.6799163818,67.6510848999,372.5066223145,365.8460693359,382.5865478516,NA,NA,NA,NA,2021-01-08,0.2178726196999996,2.842132568400018,NA,NA,山形県
JP-06,YAMAGATA,2021-01-14,440.6053161621,427.6726074219,473.8999328613,10.3242406845,10.2412567139,12.3233909607,51.4730682373,47.4739761353,68.8800811768,375.8591308594,368.1730957031,387.2836608887,NA,NA,NA,NA,2021-01-08,0.21486091609999924,2.7169189452999944,NA,NA,山形県
JP-06,YAMAGATA,2021-01-15,443.2623596191,428.8889465332,479.8422851562,10.5359573364,10.4414176941,12.8102712631,50.7038803101,46.3132629395,69.7986984253,379.1601257324,370.5308532715,391.7092285156,NA,NA,NA,NA,2021-01-08,0.21171665189999977,2.657043456999986,NA,NA,山形県
JP-06,YAMAGATA,2021-01-16,445.7261657715,430.0874023438,485.2207946777,10.7448587418,10.6389331818,13.282456398,49.8526763916,45.1363182068,70.3585510254,382.4098510742,372.8990783691,396.102722168,NA,NA,NA,NA,2021-01-08,0.20890140540000068,2.463806152400025,NA,NA,山形県
JP-06,YAMAGATA,2021-01-17,448.0997314453,431.3334960938,489.9967956543,10.9505758286,10.8339605331,13.7352876663,48.948223114,43.963306427,70.6080551147,385.601348877,375.280456543,400.2180175781,NA,NA,NA,NA,2021-01-08,0.2057170868,2.3735656737999875,NA,NA,山形県
JP-06,YAMAGATA,2021-01-18,450.3947753906,432.625,494.2873535156,11.1531410217,11.0264577866,14.1702041626,48.0111198425,42.8082199097,70.6013259888,388.7328186035,377.6663208008,404.1219177246,NA,NA,NA,NA,2021-01-08,0.20256519309999987,2.2950439452999944,NA,NA,山形県
JP-06,YAMAGATA,2021-01-19,452.6247253418,433.9528503418,498.3196716309,11.3516082764,11.2150535583,14.5899677277,47.0544662476,41.6786499023,70.3861236572,391.8130187988,380.0476989746,408.0004882812,NA,NA,NA,NA,2021-01-08,0.1984672547000006,2.2299499512000125,NA,NA,山形県
JP-06,YAMAGATA,2021-01-20,454.7914123535,435.3128356934,501.9679870605,11.546330452,11.4004793167,14.9927005768,46.0951652527,40.5844268799,69.9997177124,394.820892334,382.410736084,411.6734008789,NA,NA,NA,NA,2021-01-08,0.19472217559999905,2.1666870116999917,NA,NA,山形県
JP-06,YAMAGATA,2021-01-21,456.9104003906,436.713684082,505.3538818359,11.7369184494,11.5823402405,15.3792295456,45.1379623413,39.5261573792,69.470954895,397.7724609375,384.7682189941,415.2390136719,NA,NA,NA,NA,2021-01-08,0.19058799739999976,2.118988037099996,NA,NA,山形県
JP-06,YAMAGATA,2021-01-22,459.0227661133,438.1748657227,508.6305541992,11.9234886169,11.760725975,15.7509822845,44.2123222351,38.5259628296,68.8639678955,400.662322998,387.1132202148,418.7407836914,NA,NA,NA,NA,2021-01-08,0.1865701675000011,2.1123657227000194,NA,NA,山形県
JP-06,YAMAGATA,2021-01-23,461.020324707,439.6305236816,511.3972167969,12.1064624786,11.9364404678,16.1055164337,43.2750968933,37.5412712097,68.119430542,403.4908752441,389.4465637207,421.9924316406,NA,NA,NA,NA,2021-01-08,0.18297386169999896,1.9975585936999778,NA,NA,山形県
JP-06,YAMAGATA,2021-01-24,462.9784851074,441.0936279297,514.0986938477,12.2858514786,12.1087055206,16.4489421844,42.3473854065,36.5887832642,67.2929763794,406.2547912598,391.7452087402,425.2397155762,NA,NA,NA,NA,2021-01-08,0.17938900000000046,1.9581604004000042,NA,NA,山形県
JP-06,YAMAGATA,2021-01-25,464.9049377441,442.5781860352,516.6000976562,12.4619150162,12.2780885696,16.779466629,41.4408950806,35.6753387451,66.4091720581,408.9570922852,394.0201721191,428.3388061523,NA,NA,NA,NA,2021-01-08,0.17606353760000104,1.9264526366999917,NA,NA,山形県
JP-06,YAMAGATA,2021-01-26,466.8056030273,444.0856018066,518.8970336914,12.6340360641,12.4440603256,17.0960998535,40.5584564209,34.8004951477,65.4831161499,411.6094055176,396.2771606445,431.2885742188,NA,NA,NA,NA,2021-01-08,0.17212104789999927,1.9006652831999986,NA,NA,山形県
JP-06,YAMAGATA,2021-01-27,468.6784057617,445.5979309082,521.239440918,12.8027505875,12.6067199707,17.4038257599,39.7081718445,33.969959259,64.5453414917,414.1965942383,398.4915466309,434.2914733887,NA,NA,NA,NA,2021-01-08,0.16871452340000026,1.872802734400011,NA,NA,山形県
JP-06,YAMAGATA,2021-01-28,470.532623291,447.1278381348,523.5016479492,12.9678316116,12.7660779953,17.7005500793,38.8869476318,33.178478241,63.5946006775,416.7349853516,400.6831970215,437.2327880859,NA,NA,NA,NA,2021-01-08,0.16508102409999914,1.8542175293000014,NA,NA,山形県
JP-06,YAMAGATA,2021-01-29,472.401184082,448.6902160645,525.69140625,13.1294679642,12.922328949,17.9861793518,38.1148605347,32.4410667419,62.6692733765,419.221862793,402.8486022949,440.0410766602,NA,NA,NA,NA,2021-01-08,0.16163635260000042,1.868560790999993,NA,NA,山形県
JP-06,YAMAGATA,2021-01-30,474.1860046387,450.2299499512,527.7485961914,13.2881641388,13.0757665634,18.2639884949,37.3494987488,31.7206401825,61.7110748291,421.6588134766,404.9838256836,442.8599853516,NA,NA,NA,NA,2021-01-08,0.1586961745999993,1.7848205567000264,NA,NA,山形県
JP-06,YAMAGATA,2021-01-31,475.950958252,451.7641906738,529.811706543,13.4439430237,13.2264585495,18.5339603424,36.6051635742,31.0277328491,60.7482795715,424.0438537598,407.0829162598,445.6660766602,NA,NA,NA,NA,2021-01-08,0.15577888490000014,1.7649536133000083,NA,NA,山形県
JP-06,YAMAGATA,2021-02-01,477.7014160156,453.3049316406,531.8179321289,13.5970897675,13.3747797012,18.795791626,35.8894081116,30.3675575256,59.7962036133,426.3801879883,409.1543273926,448.3952331543,NA,NA,NA,NA,2021-01-08,0.1531467438000007,1.750457763599968,NA,NA,山形県
JP-06,YAMAGATA,2021-02-02,479.4402160645,454.8615722656,533.688659668,13.7470960617,13.5204820633,19.0471916199,35.2021179199,29.7385921478,58.8571090698,428.6783447266,411.2112731934,450.9866027832,NA,NA,NA,NA,2021-01-08,0.15000629420000067,1.738800048900032,NA,NA,山形県
JP-06,YAMAGATA,2021-02-03,481.1639099121,456.4203491211,535.3687744141,13.8944072723,13.6639270782,19.2887325287,34.5476074219,29.1431465149,57.9406661987,430.9256591797,413.2366638184,453.3621520996,NA,NA,NA,NA,2021-01-08,0.14731121059999985,1.723693847599975,NA,NA,山形県
JP-06,YAMAGATA,2021-02-04,482.8795776367,457.9850158691,537.0689086914,14.038901329,13.8047132492,19.5235824585,33.9219932556,28.5779781342,57.0497360229,433.1364440918,415.2385253906,455.7352905273,NA,NA,NA,NA,2021-01-08,0.14449405669999926,1.7156677245999958,NA,NA,山形県
JP-06,YAMAGATA,2021-02-05,484.6170349121,459.5712585449,538.8107910156,14.1807556152,13.9430437088,19.7518215179,33.3422927856,28.0565700531,56.2147407532,435.3085327148,417.2160339355,458.0569152832,NA,NA,NA,NA,2021-01-08,0.14185428620000096,1.7374572754000042,NA,NA,山形県
JP-07,FUKUSHIMA,2021-01-09,1174.9555664062,1165.2224121094,1205.1778564453,28.9511375427,28.8988952637,30.176738739,307.4851074219,302.4525756836,329.5919189453,826.0329589844,822.4279785156,830.6889648438,NA,NA,NA,NA,2021-01-08,0.9511375426999997,34.95556640619998,NA,NA,福島県
JP-07,FUKUSHIMA,2021-01-10,1201.2822265625,1182.3226318359,1260.1766357422,29.977437973,29.874704361,32.3892364502,315.1313781738,305.3162231445,358.2124328613,843.266784668,836.2760620117,852.2848510742,NA,NA,NA,NA,2021-01-08,1.026300430300001,26.326660156300022,NA,NA,福島県
JP-07,FUKUSHIMA,2021-01-11,1221.4686279297,1194.5073242188,1305.5867919922,31.0364627838,30.8849315643,34.597454071,318.6281738281,304.4500732422,380.8004760742,861.0214233398,850.8416748047,874.1837158203,NA,NA,NA,NA,2021-01-08,1.0590248108000004,20.186401367200006,NA,NA,福島県
JP-07,FUKUSHIMA,2021-01-12,1236.0268554688,1202.3453369141,1341.3225097656,32.0991363525,31.9007110596,36.7684898376,316.8461303711,298.9194335938,395.3337402344,878.9027709961,865.7160644531,896.0135498047,NA,NA,NA,NA,2021-01-08,1.0626735686999957,14.558227539100017,NA,NA,福島県
JP-07,FUKUSHIMA,2021-01-13,1249.2501220703,1209.4652099609,1373.3210449219,33.1486625671,32.9053001404,38.8842163086,312.6543884277,291.5480957031,404.9162902832,896.4592285156,880.4412841797,917.4180908203,NA,NA,NA,NA,2021-01-08,1.0495262146000002,13.223266601499972,NA,NA,福島県
JP-07,FUKUSHIMA,2021-01-14,1261.9842529297,1216.6385498047,1403.0030517578,34.1801872253,33.8933563232,40.9445419312,307.6006164551,283.7991333008,411.5278015137,913.7286376953,895.0368652344,938.6365966797,NA,NA,NA,NA,2021-01-08,1.0315246582000057,12.734130859400011,NA,NA,福島県
JP-07,FUKUSHIMA,2021-01-15,1275.1680908203,1224.6380615234,1431.4228515625,35.1938247681,34.8653297424,42.9443435669,302.8453979492,276.7092285156,416.8165588379,930.6511230469,909.4454345703,959.1507568359,NA,NA,NA,NA,2021-01-08,1.013637542799998,13.183837890599989,NA,NA,福島県
JP-07,FUKUSHIMA,2021-01-16,1287.5006103516,1232.4636230469,1456.5974121094,36.1942825317,35.8256111145,44.8901290894,297.8567504883,269.7504272461,420.2557678223,947.2548217773,923.6798095703,978.9606933594,NA,NA,NA,NA,2021-01-08,1.0004577635999965,12.332519531300022,NA,NA,福島県
JP-07,FUKUSHIMA,2021-01-17,1299.6926269531,1240.5726318359,1480.0452880859,37.1807136536,36.773601532,46.7811698914,292.9392700195,263.1685791016,422.4424438477,963.5161743164,937.7157592773,998.1480712891,NA,NA,NA,NA,2021-01-08,0.9864311219000044,12.192016601499972,NA,NA,福島県
JP-07,FUKUSHIMA,2021-01-18,1310.7369384766,1248.2092285156,1500.4046630859,38.1551132202,37.7111434937,48.6238479614,287.5170593262,256.4170532227,422.7074279785,979.4617919922,951.5686035156,1016.9646606445,NA,NA,NA,NA,2021-01-08,0.9743995665999989,11.044311523500028,NA,NA,福島県
JP-07,FUKUSHIMA,2021-01-19,1320.6939697266,1255.3114013672,1517.9309082031,39.1097564697,38.6303291321,50.4103012085,281.3992004395,249.304107666,420.8531494141,995.1246948242,965.2568359375,1035.4204101562,NA,NA,NA,NA,2021-01-08,0.9546432495000019,9.95703125,NA,NA,福島県
JP-07,FUKUSHIMA,2021-01-20,1329.2775878906,1261.5953369141,1532.0360107422,40.0443382263,39.5311775208,52.136592865,274.4620666504,241.7005310059,416.736114502,1010.3452758789,978.6267089844,1053.0812988281,NA,NA,NA,NA,2021-01-08,0.9345817565999965,8.583618163999972,NA,NA,福島県
JP-07,FUKUSHIMA,2021-01-21,1337.0446777344,1267.3918457031,1544.0433349609,40.9534568787,40.4076271057,53.8012962341,266.9652709961,233.820892334,410.8392333984,1025.1810302734,991.7091674805,1070.2203369141,NA,NA,NA,NA,2021-01-08,0.9091186524000037,7.767089843800022,NA,NA,福島県
JP-07,FUKUSHIMA,2021-01-22,1343.9385986328,1272.6917724609,1554.0649414062,41.8362998962,41.2592849731,55.4044532776,259.0307922363,225.7575073242,403.4386901855,1039.5809326172,1004.4628295898,1086.9411621094,NA,NA,NA,NA,2021-01-08,0.8828430175000008,6.893920898399983,NA,NA,福島県
JP-07,FUKUSHIMA,2021-01-23,1349.8637695312,1277.4077148438,1562.0665283203,42.6927871704,42.0864677429,56.9457740784,250.6382904053,217.4750366211,394.578338623,1053.5113525391,1016.854675293,1103.25390625,NA,NA,NA,NA,2021-01-08,0.8564872741999991,5.925170898399983,NA,NA,福島県
JP-07,FUKUSHIMA,2021-01-24,1355.2659912109,1281.7814941406,1568.7271728516,43.5221366882,42.8876342773,58.4256858826,242.0982208252,209.2221069336,384.7964172363,1066.9360351562,1028.8291015625,1118.8712158203,NA,NA,NA,NA,2021-01-08,0.8293495177999972,5.4022216797000056,NA,NA,福島県
JP-07,FUKUSHIMA,2021-01-25,1360.2572021484,1285.9389648438,1573.9835205078,44.3253517151,43.6644020081,59.8405265808,233.586151123,201.1312408447,374.4290466309,1079.8728027344,1040.4127197266,1133.5791015625,NA,NA,NA,NA,2021-01-08,0.8032150268999985,4.9912109375,NA,NA,福島県
JP-07,FUKUSHIMA,2021-01-26,1365.1337890625,1290.08203125,1578.6397705078,45.0989685059,44.4130325317,61.1903305054,225.2981262207,193.3560028076,363.884185791,1092.3797607422,1051.6496582031,1147.6495361328,NA,NA,NA,NA,2021-01-08,0.7736167907999985,4.876586914100017,NA,NA,福島県
JP-07,FUKUSHIMA,2021-01-27,1369.9676513672,1294.2783203125,1583.0061035156,45.8462486267,45.136844635,62.482208252,217.4292907715,186.0487670898,353.5569763184,1104.380859375,1062.4714355469,1161.1049804688,NA,NA,NA,NA,2021-01-08,0.7472801208000064,4.8338623047000056,NA,NA,福島県
JP-07,FUKUSHIMA,2021-01-28,1374.3747558594,1298.30859375,1585.845703125,46.5669441223,45.8365440369,63.7071838379,209.6788330078,178.9320373535,342.9950866699,1115.9879150391,1072.9890136719,1173.6618652344,NA,NA,NA,NA,2021-01-08,0.7206954955999976,4.4071044922000056,NA,NA,福島県
JP-07,FUKUSHIMA,2021-01-29,1378.9240722656,1302.4603271484,1588.8425292969,47.2612876892,46.5114555359,64.8746795654,202.3543243408,172.2601165771,332.7828979492,1127.1726074219,1083.1612548828,1185.6711425781,NA,NA,NA,NA,2021-01-08,0.6943435669000024,4.549316406199978,NA,NA,福島県
JP-07,FUKUSHIMA,2021-01-30,1382.9373779297,1306.3405761719,1590.3015136719,47.9323654175,47.1643486023,65.9874954224,195.1009063721,165.7166137695,322.3688354492,1137.9510498047,1092.9958496094,1196.8651123047,NA,NA,NA,NA,2021-01-08,0.6710777282999985,4.013305664100017,NA,NA,福島県
JP-07,FUKUSHIMA,2021-01-31,1386.9274902344,1310.1954345703,1591.7360839844,48.5803985596,47.7957763672,67.0496292114,188.1360778809,159.4801940918,312.1716308594,1148.3162841797,1102.4857177734,1207.5534667969,NA,NA,NA,NA,2021-01-08,0.6480331420999974,3.9901123047000056,NA,NA,福島県
JP-07,FUKUSHIMA,2021-02-01,1390.7099609375,1313.9436035156,1592.7218017578,49.2075500488,48.4072608948,68.0677108765,181.397354126,153.4891815186,302.1241455078,1158.2967529297,1111.6472167969,1217.7657470703,NA,NA,NA,NA,2021-01-08,0.6271514892000027,3.782470703099989,NA,NA,福島県
JP-07,FUKUSHIMA,2021-02-02,1394.4978027344,1317.7116699219,1593.7707519531,49.8114128113,48.9966583252,69.0389480591,174.9586334229,147.7989959717,292.3846435547,1167.9506835938,1120.5352783203,1227.6400146484,NA,NA,NA,NA,2021-01-08,0.6038627625000004,3.787841796900011,NA,NA,福島県
JP-07,FUKUSHIMA,2021-02-03,1398.3414306641,1321.5203857422,1595.3214111328,50.394859314,49.5659637451,69.9754638672,168.9363250732,142.5029144287,283.1903381348,1177.2204589844,1129.0791015625,1237.3923339844,NA,NA,NA,NA,2021-01-08,0.5834465026999993,3.8436279297000056,NA,NA,福島県
JP-07,FUKUSHIMA,2021-02-04,1401.9504394531,1325.2189941406,1596.7984619141,50.9580612183,50.115398407,70.8791122437,163.0900268555,137.3924407959,274.1647644043,1186.1978759766,1137.3656005859,1247.1989746094,NA,NA,NA,NA,2021-01-08,0.5632019043000014,3.6090087889999722,NA,NA,福島県
JP-07,FUKUSHIMA,2021-02-05,1405.337890625,1328.7653808594,1597.8405761719,51.5013046265,50.6456336975,71.7430343628,157.373046875,132.4204406738,265.2248840332,1194.8648681641,1145.3830566406,1256.5836181641,NA,NA,NA,NA,2021-01-08,0.5432434081999986,3.387451171900011,NA,NA,福島県
JP-08,IBARAKI,2021-01-09,3070.8833007812,3047.6989746094,3134.4401855469,39.552520752,39.4857788086,41.1465148926,631.4435424805,621.1892089844,676.9436645508,2369.4187011719,2359.0871582031,2380.4350585938,NA,NA,NA,NA,2021-01-08,0.5525207519999995,123.88330078119998,NA,NA,茨城県
JP-08,IBARAKI,2021-01-10,3180.3190917969,3133.3371582031,3312.5087890625,40.2748031616,40.1451072693,43.3674201965,706.7933349609,684.9600219727,803.6495361328,2400.7805175781,2380.8898925781,2422.0041503906,NA,NA,NA,NA,2021-01-08,0.7222824095999982,109.43579101570003,NA,NA,茨城県
JP-08,IBARAKI,2021-01-11,3297.6723632812,3226.1708984375,3503.7993164062,41.0870552063,40.8971710205,45.6023139954,786.0506591797,751.3764038086,939.8370361328,2435.7824707031,2406.9787597656,2466.8054199219,NA,NA,NA,NA,2021-01-08,0.8122520447000028,117.35327148429997,NA,NA,茨城県
JP-08,IBARAKI,2021-01-12,3417.2678222656,3321.1154785156,3700.7014160156,41.9898681641,41.7418403625,47.8672828674,864.9125976562,816.4384155273,1079.8492431641,2474.5478515625,2437.3740234375,2515.2087402344,NA,NA,NA,NA,2021-01-08,0.9028129578000019,119.59545898440001,NA,NA,茨城県
JP-08,IBARAKI,2021-01-13,3552.0822753906,3429.5131835938,3920.07421875,42.9821014404,42.6781082153,50.1679153442,952.3997802734,888.7584228516,1234.4283447266,2516.9453125,2471.8891601562,2566.7182617188,NA,NA,NA,NA,2021-01-08,0.9922332762999986,134.814453125,NA,NA,茨城県
JP-08,IBARAKI,2021-01-14,3700.9067382812,3550.6364746094,4159.982421875,44.0794067383,43.7210769653,52.5333976746,1049.2230224609,968.9047851562,1404.9312744141,2563.9689941406,2511.427734375,2622.4777832031,NA,NA,NA,NA,2021-01-08,1.0973052979000002,148.8244628906,NA,NA,茨城県
JP-08,IBARAKI,2021-01-15,3839.7319335938,3664.4182128906,4384.5561523438,45.2921104431,44.8802337646,54.9899635315,1136.8411865234,1039.82421875,1566.1687011719,2615.9267578125,2556.2053222656,2683.0241699219,NA,NA,NA,NA,2021-01-08,1.2127037047999991,138.82519531260004,NA,NA,茨城県
JP-08,IBARAKI,2021-01-16,3957.5981445312,3761.0244140625,4576.53515625,46.594417572,46.1300849915,57.5111846924,1202.8013916016,1090.5875244141,1698.79296875,2672.0063476562,2605.3835449219,2747.3315429688,NA,NA,NA,NA,2021-01-08,1.3023071288999972,117.86621093739996,NA,NA,茨城県
JP-08,IBARAKI,2021-01-17,4077.0783691406,3858.1491699219,4771.3452148438,47.954826355,47.4392051697,60.064037323,1262.7314453125,1135.8448486328,1822.8507080078,2730.8801269531,2657.6237792969,2814.1826171875,NA,NA,NA,NA,2021-01-08,1.360408783000004,119.48022460940001,NA,NA,茨城県
JP-08,IBARAKI,2021-01-18,4185.3310546875,3947.0568847656,4945.2348632812,49.3857269287,48.8200416565,62.6654014587,1310.8258056641,1170.5700683594,1929.0028076172,2792.6359863281,2712.9887695312,2883.4067382812,NA,NA,NA,NA,2021-01-08,1.4309005737000007,108.25268554690001,NA,NA,茨城県
JP-08,IBARAKI,2021-01-19,4288.3125,4031.8510742188,5108.1640625,50.8587036133,50.2445068359,65.2813644409,1350.2391357422,1197.7952880859,2020.9172363281,2856.8149414062,2770.9973144531,2954.416015625,NA,NA,NA,NA,2021-01-08,1.472976684599999,102.9814453125,NA,NA,茨城県
JP-08,IBARAKI,2021-01-20,4393.8232421875,4118.6967773438,5273.5224609375,52.3728370667,51.7111206055,67.9171600342,1388.4207763672,1224.2470703125,2109.3857421875,2922.4741210938,2830.6923828125,3026.61328125,NA,NA,NA,NA,2021-01-08,1.5141334533999995,105.5107421875,NA,NA,茨城県
JP-08,IBARAKI,2021-01-21,4495.5375976562,4203.630859375,5429.2934570312,53.9299430847,53.2212562561,70.580329895,1421.9885253906,1246.974609375,2189.2360839844,2990.1103515625,2892.5251464844,3100.7719726562,NA,NA,NA,NA,2021-01-08,1.557106017999999,101.71435546869998,NA,NA,茨城県
JP-08,IBARAKI,2021-01-22,4599.4697265625,4290.7456054688,5586.1650390625,55.5218925476,54.767375946,73.2574996948,1455.0218505859,1269.5810546875,2266.5876464844,3059.3293457031,2956.1088867188,3176.0712890625,NA,NA,NA,NA,2021-01-08,1.591949462899997,103.93212890630002,NA,NA,茨城県
JP-08,IBARAKI,2021-01-23,4693.7504882812,4371.517578125,5723.154296875,57.1551933289,56.3553924561,75.9627075195,1479.3245849609,1284.9403076172,2328.6577148438,3129.9968261719,3021.2824707031,3252.6892089844,NA,NA,NA,NA,2021-01-08,1.633300781300001,94.28076171869998,NA,NA,茨城県
JP-08,IBARAKI,2021-01-24,4786.5952148438,4451.0126953125,5856.4702148438,58.8146781921,57.9702911377,78.6775817871,1499.8430175781,1297.4057617188,2383.0207519531,3201.5063476562,3087.4455566406,3329.9938964844,NA,NA,NA,NA,2021-01-08,1.6594848631999994,92.84472656260004,NA,NA,茨城県
JP-08,IBARAKI,2021-01-25,4875.1635742188,4527.7993164062,5980.0190429688,60.5044174194,59.6160240173,81.4091262817,1515.7130126953,1306.2409667969,2428.2746582031,3273.8356933594,3154.5634765625,3407.966796875,NA,NA,NA,NA,2021-01-08,1.6897392273000023,88.568359375,NA,NA,茨城県
JP-08,IBARAKI,2021-01-26,4964.4047851562,4605.2543945312,6103.431640625,62.2074890137,61.2756614685,84.138168335,1530.3411865234,1314.3907470703,2469.9418945312,3347.0148925781,3222.6459960938,3486.9177246094,NA,NA,NA,NA,2021-01-08,1.703071594299999,89.24121093739996,NA,NA,茨城県
JP-08,IBARAKI,2021-01-27,5051.365234375,4681.5590820312,6220.99609375,63.9320335388,62.9573707581,86.8755111694,1542.8067626953,1321.0422363281,2506.6091308594,3420.4475097656,3291.1162109375,3566.1000976562,NA,NA,NA,NA,2021-01-08,1.7245445251000007,86.96044921880002,NA,NA,茨城県
JP-08,IBARAKI,2021-01-28,5142.7583007812,4761.3505859375,6345.3833007812,65.6689147949,64.65234375,89.6090545654,1557.6359863281,1330.0516357422,2545.7646484375,3494.4453125,3360.2717285156,3645.8952636719,NA,NA,NA,NA,2021-01-08,1.7368812561000055,91.39306640619998,NA,NA,茨城県
JP-08,IBARAKI,2021-01-29,5243.9282226562,4849.0981445312,6485.3803710938,67.4270095825,66.3690490723,92.35206604,1580.1781005859,1345.9327392578,2596.3745117188,3569.0363769531,3430.1186523438,3726.1149902344,NA,NA,NA,NA,2021-01-08,1.758094787600001,101.169921875,NA,NA,茨城県
JP-08,IBARAKI,2021-01-30,5351.2622070312,4942.8212890625,6633.8393554688,69.223449707,68.1237640381,95.1337051392,1608.3814697266,1366.8843994141,2655.4140625,3644.5534667969,3500.9467773438,3807.5026855469,NA,NA,NA,NA,2021-01-08,1.7964401244999948,107.333984375,NA,NA,茨城県
JP-08,IBARAKI,2021-01-31,5473.4130859375,5048.4760742188,6806.8500976562,71.0654754639,69.924079895,97.9610214233,1648.3848876953,1398.0662841797,2733.2172851562,3721.2458496094,3573.0107421875,3889.9270019531,NA,NA,NA,NA,2021-01-08,1.8420257569,122.15087890630002,NA,NA,茨城県
JP-08,IBARAKI,2021-02-01,5600.0419921875,5159.748046875,6983.7622070312,72.9762573242,71.7926177979,100.8703536987,1693.0505371094,1433.3745117188,2818.2514648438,3799.8395996094,3646.9982910156,3974.55859375,NA,NA,NA,NA,2021-01-08,1.9107818603000055,126.62890625,NA,NA,茨城県
JP-08,IBARAKI,2021-02-02,5734.2109375,5277.8798828125,7170.7211914062,74.9416046143,73.7156448364,103.8386306763,1742.6312255859,1472.9757080078,2910.9421386719,3880.9328613281,3723.4797363281,4061.3413085938,NA,NA,NA,NA,2021-01-08,1.9653472900999986,134.1689453125,NA,NA,茨城県
JP-08,IBARAKI,2021-02-03,5854.755859375,5387.8208007812,7329.291015625,76.9741210938,75.7051849365,106.8915634155,1781.0229492188,1503.2612304688,2984.5283203125,3964.0483398438,3801.9831542969,4150.8002929688,NA,NA,NA,NA,2021-01-08,2.0325164794999893,120.544921875,NA,NA,茨城県
JP-08,IBARAKI,2021-02-04,5973.6826171875,5495.6005859375,7485.2875976562,79.038269043,77.7261199951,109.9781341553,1814.0732421875,1529.1691894531,3048.5920410156,4048.9111328125,3882.2282714844,4242.0834960938,NA,NA,NA,NA,2021-01-08,2.064147949200006,118.9267578125,NA,NA,茨城県
JP-08,IBARAKI,2021-02-05,6095.267578125,5605.232421875,7645.9858398438,81.1371307373,79.7815933228,113.1059494019,1847.0814208984,1555.1802978516,3112.1018066406,4135.2055664062,3963.9167480469,4335.3315429688,NA,NA,NA,NA,2021-01-08,2.0988616942999982,121.5849609375,NA,NA,茨城県
JP-09,TOCHIGI,2021-01-09,2446.2292480469,2417.4807128906,2543.1411132812,9.4091110229,9.3913393021,9.8167324066,1077.1579589844,1059.6358642578,1154.7158203125,1293.1364746094,1287.4737548828,1300.1812744141,NA,NA,NA,NA,2021-01-08,0.40911102289999945,192.2292480469,NA,NA,栃木県
JP-09,TOCHIGI,2021-01-10,2673.0229492188,2607.6064453125,2891.3908691406,9.9590568542,9.9233198166,10.7795352936,1234.9842529297,1196.7867431641,1404.1610107422,1325.6287841797,1314.6016845703,1339.255859375,NA,NA,NA,NA,2021-01-08,0.5499458313000005,226.7937011719,NA,NA,栃木県
JP-09,TOCHIGI,2021-01-11,2891.5891113281,2788.4541015625,3241.0661621094,10.6361303329,10.5816831589,11.8868131638,1406.0971679688,1344.0158691406,1681.1196289062,1364.4610595703,1348.2734375,1384.3309326172,NA,NA,NA,NA,2021-01-08,0.6770734787000006,218.56616210929997,NA,NA,栃木県
JP-09,TOCHIGI,2021-01-12,3100.6513671875,2960.2583007812,3585.0954589844,11.4013681412,11.3273181915,13.1031837463,1571.4880371094,1483.3547363281,1961.8608398438,1409.3178710938,1388.1009521484,1435.2395019531,NA,NA,NA,NA,2021-01-08,0.7652378083000002,209.0622558594,NA,NA,栃木県
JP-09,TOCHIGI,2021-01-13,3292.9204101562,3117.0400390625,3909.9975585938,12.2402191162,12.145655632,14.4148492813,1720.1436767578,1605.1296386719,2229.2119140625,1459.0037841797,1432.8498535156,1490.7618408203,NA,NA,NA,NA,2021-01-08,0.8388509749999997,192.26904296869998,NA,NA,栃木県
JP-09,TOCHIGI,2021-01-14,3465.7084960938,3257.1870117188,4208.3256835938,13.1341848373,13.0181779861,15.8034706116,1847.6345214844,1706.0903320312,2473.4936523438,1513.4301757812,1482.3865966797,1551.1146240234,NA,NA,NA,NA,2021-01-08,0.89396572109999894,172.78808593760004,NA,NA,栃木県
JP-09,TOCHIGI,2021-01-15,3608.1962890625,3372.2885742188,4461.8154296875,14.0702857971,13.9314508438,17.2572612762,1945.6708984375,1779.4956054688,2680.0124511719,1571.4965820312,1535.5399169922,1616.0482177734,NA,NA,NA,NA,2021-01-08,0.936100959800001,142.48779296869998,NA,NA,栃木県
JP-09,TOCHIGI,2021-01-16,3721.4587402344,3462.9108886719,4669.0307617188,15.0303239822,14.8682136536,18.7464542389,2012.5850830078,1824.6595458984,2842.1630859375,1631.8775634766,1591.0594482422,1683.2749023438,NA,NA,NA,NA,2021-01-08,0.9600381851000002,113.26245117190001,NA,NA,栃木県
JP-09,TOCHIGI,2021-01-17,3809.7236328125,3532.4135742188,4835.3862304688,15.9989595413,15.8132162094,20.2528991699,2052.2783203125,1845.8303222656,2962.3498535156,1692.7784423828,1647.1872558594,1751.0046386719,NA,NA,NA,NA,2021-01-08,0.9686355590999991,88.26489257809999,NA,NA,栃木県
JP-09,TOCHIGI,2021-01-18,3893.5251464844,3596.5231933594,4994.1000976562,16.9693126678,16.7597904205,21.7651576996,2079.9047851562,1857.0700683594,3060.6337890625,1753.4598388672,1703.2028808594,1818.4063720703,NA,NA,NA,NA,2021-01-08,0.9703531265000009,83.80151367190001,NA,NA,栃木県
JP-09,TOCHIGI,2021-01-19,3966.1010742188,3652.3669433594,5131.005859375,17.943195343,17.7092342377,23.2878055573,2096.2692871094,1859.2818603516,3137.9108886719,1814.4978027344,1759.6135253906,1886.7406005859,NA,NA,NA,NA,2021-01-08,0.9738826751999987,72.57592773440001,NA,NA,栃木県
JP-09,TOCHIGI,2021-01-20,4042.6423339844,3710.4692382812,5272.79296875,18.9186401367,18.660320282,24.8114032745,2111.8347167969,1861.7880859375,3209.3688964844,1874.7176513672,1815.3441162109,1953.9781494141,NA,NA,NA,NA,2021-01-08,0.9754447936999995,76.54125976559999,NA,NA,栃木県
JP-09,TOCHIGI,2021-01-21,4119.9750976562,3770.3234863281,5410.970703125,19.9012832642,19.6187572479,26.3412017822,2127.7604980469,1865.5390625,3277.1179199219,1935.1058349609,1871.3690185547,2020.9427490234,NA,NA,NA,NA,2021-01-08,0.9826431275000012,77.33276367179997,NA,NA,栃木県
JP-09,TOCHIGI,2021-01-22,4201.828125,3834.388671875,5553.2216796875,20.8922138214,20.5854206085,27.8791809082,2146.8291015625,1872.8687744141,3346.0393066406,1995.4671630859,1927.439453125,2087.6740722656,NA,NA,NA,NA,2021-01-08,0.9909305571999987,81.85302734380002,NA,NA,栃木県
JP-09,TOCHIGI,2021-01-23,4288.2749023438,3903.1040039062,5699.5073242188,21.8970565796,21.5660037994,29.4318523407,2169.8059082031,1884.3643798828,3417.8537597656,2056.0131835938,1983.7888183594,2154.4147949219,NA,NA,NA,NA,2021-01-08,1.0048427582000024,86.44677734380002,NA,NA,栃木県
JP-09,TOCHIGI,2021-01-24,4369.5903320312,3969.9748535156,5831.4116210938,22.9196243286,22.5643100739,31.0032310486,2190.6044921875,1894.6496582031,3483.28515625,2116.8200683594,2040.4932861328,2221.0637207031,NA,NA,NA,NA,2021-01-08,1.0225677490000002,81.31542968739996,NA,NA,栃木県
JP-09,TOCHIGI,2021-01-25,4458.0698242188,4042.0874023438,5974.3159179688,23.9549674988,23.5754814148,32.5870780945,2215.1616210938,1908.8137207031,3552.0556640625,2177.7980957031,2097.4714355469,2287.60546875,NA,NA,NA,NA,2021-01-08,1.0353431701999973,88.47949218760004,NA,NA,栃木県
JP-09,TOCHIGI,2021-01-26,4538.1787109375,4110.2451171875,6095.5415039062,25.0035457611,24.6006717682,34.1779899597,2234.9936523438,1919.4228515625,3610.5185546875,2239.5258789062,2155.2934570312,2353.8349609375,NA,NA,NA,NA,2021-01-08,1.0485782623000013,80.10888671869998,NA,NA,栃木県
JP-09,TOCHIGI,2021-01-27,4628.7265625,4184.9208984375,6237.2436523438,26.0592575073,25.6331176758,35.7760238647,2260.1350097656,1935.1589355469,3675.6628417969,2300.927734375,2212.8898925781,2420.2985839844,NA,NA,NA,NA,2021-01-08,1.0557117462,90.5478515625,NA,NA,栃木県
JP-09,TOCHIGI,2021-01-28,4719.9985351562,4261.9916992188,6375.970703125,27.1304798126,26.6811504364,37.390827179,2287.1281738281,1952.9521484375,3741.9411621094,2363.0866699219,2271.3154296875,2487.4645996094,NA,NA,NA,NA,2021-01-08,1.071222305300001,91.27197265619998,NA,NA,栃木県
JP-09,TOCHIGI,2021-01-29,4831.7827148438,4353.3930664062,6550.78125,28.2154273987,27.7441215515,39.0111160278,2327.9211425781,1982.8765869141,3828.8911132812,2425.7282714844,2330.3354492188,2554.0502929688,NA,NA,NA,NA,2021-01-08,1.0849475861000002,111.78417968760004,NA,NA,栃木県
JP-09,TOCHIGI,2021-01-30,4946.0629882812,4449.9868164062,6723.5498046875,29.3336372375,28.8399791718,40.6726150513,2374.2612304688,2017.8500976562,3923.666015625,2489.5842285156,2390.5803222656,2621.7211914062,NA,NA,NA,NA,2021-01-08,1.1182098387999986,114.28027343739996,NA,NA,栃木県
JP-09,TOCHIGI,2021-01-31,5070.291015625,4554.8159179688,6912.0927734375,30.4818344116,29.9654979706,42.3718223572,2428.1940917969,2059.5695800781,4029.9392089844,2554.6176757812,2452.0126953125,2690.6252441406,NA,NA,NA,NA,2021-01-08,1.1481971741000017,124.22802734380002,NA,NA,栃木県
JP-09,TOCHIGI,2021-02-01,5191.0698242188,4659.8637695312,7089.2670898438,31.6679382324,31.1284313202,44.1211509705,2481.4562988281,2100.9895019531,4134.2407226562,2621.1362304688,2514.9240722656,2761.3625488281,NA,NA,NA,NA,2021-01-08,1.1861038207999997,120.77880859380002,NA,NA,栃木県
JP-09,TOCHIGI,2021-02-02,5307.412109375,4762.77734375,7255.529296875,32.8765640259,32.3135910034,45.8996353149,2530.3024902344,2138.9165039062,4230.322265625,2689.3725585938,2579.529296875,2834.1293945312,NA,NA,NA,NA,2021-01-08,1.2086257935000013,116.34228515619998,NA,NA,栃木県
JP-09,TOCHIGI,2021-02-03,5424.8579101562,4865.849609375,7424.01953125,34.106842041,33.5195922852,47.7071914673,2577.8415527344,2175.9519042969,4323.3227539062,2758.2280273438,2644.7365722656,2907.5915527344,NA,NA,NA,NA,2021-01-08,1.230278015099998,117.44580078119998,NA,NA,栃木県
JP-09,TOCHIGI,2021-02-04,5536.6630859375,4965.923828125,7580.1333007812,35.3577194214,34.7458381653,49.543296814,2620.3208007812,2208.955078125,4407.1821289062,2828.5112304688,2711.349609375,2983.2827148438,NA,NA,NA,NA,2021-01-08,1.2508773803999986,111.80517578130002,NA,NA,栃木県
JP-09,TOCHIGI,2021-02-05,5648.0947265625,5065.3061523438,7734.9658203125,36.6239738464,35.9874076843,51.3964767456,2660.23828125,2239.9841308594,4485.802734375,2899.7729492188,2778.9450683594,3059.8146972656,NA,NA,NA,NA,2021-01-08,1.2662544249999996,111.431640625,NA,NA,栃木県
JP-10,GUNMA,2021-01-09,2791.2861328125,2771.5563964844,2843.4440917969,50.1871643066,50.1012878418,52.2302970886,492.2070922852,484.1585388184,527.5463867188,2226.8356933594,2217.1188964844,2237.6420898438,NA,NA,NA,NA,2021-01-08,1.1871643066000033,56.2861328125,NA,NA,群馬県
JP-10,GUNMA,2021-01-10,2858.0551757812,2817.9182128906,2963.9946289062,51.4986877441,51.3302574158,55.4944534302,510.5028076172,494.616027832,580.1974487305,2262.9831542969,2244.2094726562,2283.9633789062,NA,NA,NA,NA,2021-01-08,1.3115234375,66.76904296869998,NA,NA,群馬県
JP-10,GUNMA,2021-01-11,2904.4636230469,2847.1740722656,3056.3420410156,52.9252738953,52.6773643494,58.7957305908,521.7827758789,498.5791320801,623.4253540039,2300.8994140625,2273.6682128906,2331.2541503906,NA,NA,NA,NA,2021-01-08,1.4265861511999987,46.40844726570003,NA,NA,群馬県
JP-10,GUNMA,2021-01-12,2968.4252929688,2892.4692382812,3169.953125,54.3578529358,54.0336151123,62.025478363,540.45703125,509.9073181152,674.1182861328,2339.3359375,2304.2014160156,2378.4423828125,NA,NA,NA,NA,2021-01-08,1.432579040499995,63.96166992190001,NA,NA,群馬県
JP-10,GUNMA,2021-01-13,3026.0270996094,2933.8706054688,3271.5012207031,55.8732147217,55.4752807617,65.275138855,557.2423706055,519.6764526367,721.4129638672,2379.2016601562,2336.6552734375,2426.4223632812,NA,NA,NA,NA,2021-01-08,1.515361785900005,57.60180664059999,NA,NA,群馬県
JP-10,GUNMA,2021-01-14,3087.9887695312,2979.7797851562,3377.0080566406,57.4294700623,56.9604415894,68.5039520264,575.123840332,530.6939697266,769.0573120117,2420.56640625,2371.0424804688,2475.3864746094,NA,NA,NA,NA,2021-01-08,1.5562553405999964,61.96166992179997,NA,NA,群馬県
JP-10,GUNMA,2021-01-15,3136.2368164062,3016.1721191406,3457.9567871094,59.0399017334,58.5019607544,71.7343139648,584.0236206055,533.7068481445,803.3319091797,2463.4753417969,2407.3591308594,2525.5166015625,NA,NA,NA,NA,2021-01-08,1.6104316711000024,48.248046875,NA,NA,群馬県
JP-10,GUNMA,2021-01-16,3173.6135253906,3044.3395996094,3519.7529296875,60.6487464905,60.0444831848,74.9033279419,582.3627929688,527.498046875,821.1098632812,2506.7976074219,2444.466796875,2575.7224121094,NA,NA,NA,NA,2021-01-08,1.6088447571000017,37.37670898440001,NA,NA,群馬県
JP-10,GUNMA,2021-01-17,3203.1447753906,3066.4013671875,3567.0324707031,62.2275428772,61.560344696,77.970161438,572.4013671875,514.299621582,824.7711181641,2549.6267089844,2481.4575195312,2624.740234375,NA,NA,NA,NA,2021-01-08,1.5787963866999988,29.53125,NA,NA,群馬県
JP-10,GUNMA,2021-01-18,3231.7687988281,3087.52734375,3611.9216308594,63.7626914978,63.0356178284,80.9229278564,559.6223754883,499.1273193359,821.9338378906,2591.4252929688,2517.7734375,2672.3874511719,NA,NA,NA,NA,2021-01-08,1.5351486205999976,28.6240234375,NA,NA,群馬県
JP-10,GUNMA,2021-01-19,3256.8220214844,3106.4829101562,3648.9182128906,65.2559967041,64.4717636108,83.7665634155,544.3860473633,482.2973937988,813.2025146484,2632.3200683594,2553.5068359375,2718.8908691406,NA,NA,NA,NA,2021-01-08,1.4933052063000005,25.053222656300022,NA,NA,群馬県
JP-10,GUNMA,2021-01-20,3280.7902832031,3124.8059082031,3682.8408203125,66.7041473389,65.8658370972,86.4950180054,528.4201049805,465.3178100586,801.2814941406,2671.8842773438,2588.2360839844,2763.6369628906,NA,NA,NA,NA,2021-01-08,1.448150634800001,23.968261718699978,NA,NA,群馬県
JP-10,GUNMA,2021-01-21,3303.8083496094,3142.8422851562,3713.6188964844,68.107093811,67.2177505493,89.1095352173,512.3848876953,448.7215270996,787.3817749023,2710.3151855469,2622.1362304688,2806.8298339844,NA,NA,NA,NA,2021-01-08,1.4029464720999982,23.018066406300022,NA,NA,群馬県
JP-10,GUNMA,2021-01-22,3325.5402832031,3160.3442382812,3741.4067382812,69.4669036865,68.5290298462,91.6206512451,496.3190002441,432.4959411621,771.8125,2747.5388183594,2655.1052246094,2848.9580078125,NA,NA,NA,NA,2021-01-08,1.3598098755000052,21.731933593699978,NA,NA,群馬県
JP-10,GUNMA,2021-01-23,3346.4387207031,3177.5363769531,3766.7722167969,70.7852859497,69.8015365601,94.0280685425,480.4819641113,416.8157348633,755.1385498047,2783.5595703125,2687.1394042969,2889.5549316406,NA,NA,NA,NA,2021-01-08,1.318382263199993,20.8984375,NA,NA,群馬県
JP-10,GUNMA,2021-01-24,3364.2192382812,3192.9099121094,3785.3896484375,72.0650558472,71.0380249023,96.337059021,463.5675048828,400.5090637207,735.4629516602,2818.3676757812,2718.2153320312,2928.5327148438,NA,NA,NA,NA,2021-01-08,1.2797698975000031,17.78051757809999,NA,NA,群馬県
JP-10,GUNMA,2021-01-25,3382.9228515625,3208.7426757812,3805.6936035156,73.3001098633,72.232383728,98.5418624878,447.664855957,385.3489379883,716.2362060547,2851.8432617188,2748.2055664062,2965.7839355469,NA,NA,NA,NA,2021-01-08,1.235054016099994,18.703613281300022,NA,NA,群馬県
JP-10,GUNMA,2021-01-26,3399.7231445312,3223.6186523438,3822.0661621094,74.4940032959,73.3870925903,100.6571502686,431.6868591309,370.3634338379,695.9071044922,2884.2021484375,2777.2700195312,3002.0205078125,NA,NA,NA,NA,2021-01-08,1.1938934326000066,16.800292968699978,NA,NA,群馬県
JP-10,GUNMA,2021-01-27,3418.3764648438,3239.6088867188,3842.3159179688,75.6457061768,74.5019683838,102.6781311035,417.6602172852,357.2581787109,677.8645629883,2915.24609375,2805.240234375,3036.81640625,NA,NA,NA,NA,2021-01-08,1.1517028809000038,18.653320312600044,NA,NA,群馬県
JP-10,GUNMA,2021-01-28,3437.2761230469,3256.1572265625,3863.0581054688,76.7645721436,75.5854263306,104.6268005371,405.1288757324,345.6082458496,661.5517578125,2945.3017578125,2832.400390625,3071.0341796875,NA,NA,NA,NA,2021-01-08,1.1188659668000014,18.89965820309999,NA,NA,群馬県
JP-10,GUNMA,2021-01-29,3459.1813964844,3274.8771972656,3888.6801757812,77.8533172607,76.6411437988,106.4943771362,395.6093139648,336.6649475098,649.5207519531,2974.4162597656,2858.8078613281,3103.44921875,NA,NA,NA,NA,2021-01-08,1.0887451170999896,21.9052734375,NA,NA,群馬県
JP-10,GUNMA,2021-01-30,3481.7626953125,3294.6694335938,3914.4482421875,78.9270477295,77.6834716797,108.3097763062,387.9989929199,329.461730957,640.1228637695,3002.8576660156,2884.6987304688,3134.8259277344,NA,NA,NA,NA,2021-01-08,1.073730468800008,22.58129882809999,NA,NA,群馬県
JP-10,GUNMA,2021-01-31,3504.685546875,3315.1413574219,3940.3735351562,79.9887390137,78.7152252197,110.0823745728,381.6321411133,323.4139099121,632.3713378906,3030.7690429688,2910.2048339844,3165.6989746094,NA,NA,NA,NA,2021-01-08,1.0616912841999948,22.9228515625,NA,NA,群馬県
JP-10,GUNMA,2021-02-01,3526.30859375,3335.1301269531,3963.4375,81.040725708,79.7385940552,111.818977356,375.1629333496,317.3663635254,624.1004638672,3058.2287597656,2935.3969726562,3196.2153320312,NA,NA,NA,NA,2021-01-08,1.0519866942999982,21.623046875,NA,NA,群馬県
JP-10,GUNMA,2021-02-02,3546.521484375,3354.2829589844,3983.0798339844,82.0728988647,80.7445831299,113.4967422485,368.0269165039,310.8277893066,614.3729248047,3085.2778320312,2960.3186035156,3225.6821289062,NA,NA,NA,NA,2021-01-08,1.0321731566999972,20.212890625,NA,NA,群馬県
JP-10,GUNMA,2021-02-03,3565.5861816406,3372.5112304688,4000.6140136719,83.0845031738,81.7311859131,115.1238327026,360.3089904785,303.8660888672,603.370300293,3111.6950683594,2984.7263183594,3254.1708984375,NA,NA,NA,NA,2021-01-08,1.011604309100008,19.06469726559999,NA,NA,群馬県
JP-10,GUNMA,2021-02-04,3584.1794433594,3390.2917480469,4016.8364257812,84.0718688965,82.6953964233,116.6894836426,352.4525756836,296.8463439941,591.8438110352,3137.5656738281,3008.7055664062,3281.32421875,NA,NA,NA,NA,2021-01-08,0.9873657227000052,18.593261718800022,NA,NA,群馬県
JP-10,GUNMA,2021-02-05,3602.7592773438,3407.9777832031,4034.6936035156,85.0368804932,83.6382446289,118.217300415,344.9438781738,290.1825561523,580.7197875977,3162.8454589844,3032.1945800781,3309.09375,NA,NA,NA,NA,2021-01-08,0.9650115966999948,18.57983398440001,NA,NA,群馬県
JP-11,SAITAMA,2021-01-09,17338.822265625,17206.2734375,17742.509765625,246.0420227051,245.6133270264,256.1604614258,4610.8227539062,4535.3095703125,4941.4130859375,12454.458984375,12400.1806640625,12512.498046875,NA,NA,NA,NA,2021-01-08,4.04202270510001,443.822265625,NA,NA,埼玉県
JP-11,SAITAMA,2021-01-10,17786.9765625,17526.7109375,18584.62109375,250.5406188965,249.7110595703,270.1238708496,4816.8032226562,4666.6948242188,5473.4975585938,12693.4970703125,12588.3759765625,12805.951171875,NA,NA,NA,NA,2021-01-08,4.498596191399997,448.154296875,NA,NA,埼玉県
JP-11,SAITAMA,2021-01-11,18225.228515625,17842.69140625,19403.005859375,255.2959136963,254.0909423828,283.7591552734,5002.3559570312,4779.6669921875,5975.720703125,12942.5576171875,12789.666015625,13106.3447265625,NA,NA,NA,NA,2021-01-08,4.755294799799998,438.251953125,NA,NA,埼玉県
JP-11,SAITAMA,2021-01-12,18674.41796875,18174.119140625,20221.06640625,260.2618408203,258.7037353516,297.0852355957,5187.5092773438,4894.0122070312,6469.158203125,13201.6484375,13003.7080078125,13414.4111328125,NA,NA,NA,NA,2021-01-08,4.96592712399999,449.189453125,NA,NA,埼玉県
JP-11,SAITAMA,2021-01-13,19116.994140625,18504.640625,21016.21484375,265.4663696289,263.5748596191,310.1905212402,5358.82421875,4997.2534179688,6936.1318359375,13468.603515625,13228.1044921875,13728.109375,NA,NA,NA,NA,2021-01-08,5.204528808600003,442.576171875,NA,NA,埼玉県
JP-11,SAITAMA,2021-01-14,19581.603515625,18860.265625,21824.955078125,270.8728637695,268.6666259766,323.0776367188,5541.7568359375,5113.306640625,7408.7685546875,13744.2333984375,13463.4189453125,14047.6044921875,NA,NA,NA,NA,2021-01-08,5.406494140599989,464.609375,NA,NA,埼玉県
JP-11,SAITAMA,2021-01-15,20070.404296875,19242.73046875,22652.716796875,276.5107421875,274.0048522949,335.8379211426,5739.978515625,5245.2270507812,7893.849609375,14028.5654296875,13709.408203125,14373.9990234375,NA,NA,NA,NA,2021-01-08,5.637878418000014,488.80078125,NA,NA,埼玉県
JP-11,SAITAMA,2021-01-16,20541.71875,19614.521484375,23442.029296875,282.4084777832,279.6156311035,348.5604553223,5913.78125,5356.6772460938,8337.193359375,14321.6494140625,13965.93359375,14708.0595703125,NA,NA,NA,NA,2021-01-08,5.897735595699999,471.314453125,NA,NA,埼玉県
JP-11,SAITAMA,2021-01-17,21012.646484375,19990.169921875,24217.111328125,288.5370788574,285.4683532715,361.2471313477,6078.8486328125,5462.2817382812,8759.1083984375,14621.8876953125,14231.2421875,15047.76953125,NA,NA,NA,NA,2021-01-08,6.128601074199992,470.927734375,NA,NA,埼玉県
JP-11,SAITAMA,2021-01-18,21478.875,20366.181640625,24970.51953125,294.9111938477,291.5762329102,373.947845459,6232.3481445312,5559.6069335938,9154.966796875,14929.0458984375,14504.951171875,15392.755859375,NA,NA,NA,NA,2021-01-08,6.374114990300029,466.228515625,NA,NA,埼玉県
JP-11,SAITAMA,2021-01-19,21962.10546875,20761.224609375,25734.779296875,301.4811401367,297.8892211914,386.6256103516,6394.0239257812,5666.2670898438,9553.810546875,15243.853515625,14787.6181640625,15743.705078125,NA,NA,NA,NA,2021-01-08,6.569946288999972,483.23046875,NA,NA,埼玉県
JP-11,SAITAMA,2021-01-20,22459.6953125,21172.83203125,26508.8125,308.2906799316,304.4490661621,399.3700561523,6564.40234375,5782.5126953125,9957.6884765625,15564.107421875,15076.9697265625,16099.513671875,NA,NA,NA,NA,2021-01-08,6.80953979489999,497.58984375,NA,NA,埼玉県
JP-11,SAITAMA,2021-01-21,22995.97265625,21621.677734375,27331.49609375,315.3316650391,311.2459716797,412.2027282715,6764.2299804688,5926.3286132812,10399.6396484375,15892.3671875,15375.3291015625,16463.59765625,NA,NA,NA,NA,2021-01-08,7.040985107500035,536.27734375,NA,NA,埼玉県
JP-11,SAITAMA,2021-01-22,23575.177734375,22111.421875,28209.966796875,322.6524963379,318.326751709,425.2061462402,6997.9462890625,6101.1293945312,10888.564453125,16229.380859375,15683.302734375,16836.32421875,NA,NA,NA,NA,2021-01-08,7.3208312987999875,579.205078125,NA,NA,埼玉県
JP-11,SAITAMA,2021-01-23,24130.0703125,22584.841796875,29036.052734375,330.309753418,325.7473754883,438.4644165039,7200.224609375,6249.7177734375,11323.3642578125,16576.138671875,16001.78515625,17217.6875,NA,NA,NA,NA,2021-01-08,7.65725708010001,554.892578125,NA,NA,埼玉県
JP-11,SAITAMA,2021-01-24,24670.501953125,23048.59375,29827.732421875,338.2628173828,333.4667358398,451.9446716309,7379.4404296875,6379.6171875,11715.8984375,16930.609375,16328.697265625,17605.466796875,NA,NA,NA,NA,2021-01-08,7.953063964799981,540.431640625,NA,NA,埼玉県
JP-11,SAITAMA,2021-01-25,25223.689453125,23525.76171875,30629.603515625,346.5131225586,341.4853210449,465.6702270508,7563.275390625,6514.8466796875,12109.87890625,17291.802734375,16662.9921875,17999.134765625,NA,NA,NA,NA,2021-01-08,8.250305175800008,553.1875,NA,NA,埼玉県
JP-11,SAITAMA,2021-01-26,25777.556640625,24006.982421875,31420.115234375,355.0301818848,349.7723999023,479.6149291992,7739.4829101562,6644.7651367188,12486.037109375,17661.73046875,17006.53515625,18400.861328125,NA,NA,NA,NA,2021-01-08,8.517059326200012,553.8671875,NA,NA,埼玉県
JP-11,SAITAMA,2021-01-27,26345.400390625,24502.32421875,32225.0078125,363.8353881836,358.348236084,493.8243408203,7923.658203125,6782.7216796875,12869.8603515625,18036.607421875,17355.6171875,18807.203125,NA,NA,NA,NA,2021-01-08,8.805206298799988,567.84375,NA,NA,埼玉県
JP-11,SAITAMA,2021-01-28,26946.330078125,25028.3671875,33072.56640625,372.9243164062,367.209564209,508.2891235352,8132.1381835938,6942.5209960938,13288.4287109375,18419.439453125,17713.109375,19219.86328125,NA,NA,NA,NA,2021-01-08,9.088928222599975,600.9296875,NA,NA,埼玉県
JP-11,SAITAMA,2021-01-29,27557.55859375,25566.359375,33925.70703125,382.3412780762,376.3991088867,523.0871582031,8343.365234375,7105.59765625,13707.3828125,18810.470703125,18079.169921875,19639.9453125,NA,NA,NA,NA,2021-01-08,9.416961670000035,611.228515625,NA,NA,埼玉県
JP-11,SAITAMA,2021-01-30,28224.41796875,26152.87890625,34862.2421875,392.1084289551,385.9372558594,538.2607421875,8600.6318359375,7308.7026367188,14198.494140625,19208.884765625,18452.908203125,20066.103515625,NA,NA,NA,NA,2021-01-08,9.767150878899997,666.859375,NA,NA,埼玉県
JP-11,SAITAMA,2021-01-31,28904.509765625,26754.158203125,35809.35546875,402.3224182129,395.9188537598,553.9594116211,8863.0234375,7516.875,14695.228515625,19616.7890625,18836.31640625,20501.490234375,NA,NA,NA,NA,2021-01-08,10.213989257799994,680.091796875,NA,NA,埼玉県
JP-11,SAITAMA,2021-02-01,29668.54296875,27427.3671875,36889.30859375,413.0034790039,406.3631286621,570.223815918,9196.8134765625,7786.21875,15308.23828125,20034.296875,19229.4453125,20946.41015625,NA,NA,NA,NA,2021-01-08,10.681060790999993,764.033203125,NA,NA,埼玉県
JP-11,SAITAMA,2021-02-02,30433.376953125,28106.048828125,37956.51953125,424.2074279785,417.3244934082,587.1463012695,9519.1259765625,8046.3510742188,15900.458984375,20466.822265625,19637.44921875,21407.341796875,NA,NA,NA,NA,2021-01-08,11.203948974599996,764.833984375,NA,NA,埼玉県
JP-11,SAITAMA,2021-02-03,31182.216796875,28773.462890625,38989.20703125,435.9437866211,428.811920166,604.7508544922,9815,8284.6533203125,16446.5859375,20909.357421875,20055.482421875,21879.478515625,NA,NA,NA,NA,2021-01-08,11.73635864260001,748.83984375,NA,NA,埼玉県
JP-11,SAITAMA,2021-02-04,31940.986328125,29451.14453125,40031.05078125,448.158782959,440.7719421387,622.9760131836,10107.7412109375,8520.8427734375,16985.521484375,21363.73828125,20485.25,22365.4296875,NA,NA,NA,NA,2021-01-08,12.214996337900004,758.76953125,NA,NA,埼玉県
JP-11,SAITAMA,2021-02-05,32692.19140625,30125.005859375,41053.71875,460.8782043457,453.2289428711,641.8758544922,10382.5546875,8742.46484375,17492.552734375,21828.576171875,20925.365234375,22865.08203125,NA,NA,NA,NA,2021-01-08,12.719421386699992,751.205078125,NA,NA,埼玉県
JP-12,CHIBA,2021-01-09,13720.693359375,13614.8974609375,14039.875,132.7162475586,132.4895782471,138.1075134277,3647.4907226562,3587.771484375,3908.9909667969,9909.5087890625,9866.28515625,9956.23046875,NA,NA,NA,NA,2021-01-08,1.7162475586000028,367.693359375,NA,NA,千葉県
JP-12,CHIBA,2021-01-10,14039.2265625,13832.9794921875,14664.9873046875,134.7285766602,134.2907867432,145.1392669678,3783.8413085938,3665.9262695312,4299.6147460938,10094.435546875,10010.771484375,10185.0625,NA,NA,NA,NA,2021-01-08,2.0123291015999882,318.533203125,NA,NA,千葉県
JP-12,CHIBA,2021-01-11,14363.7197265625,14061.103515625,15285.197265625,136.8078918457,136.1732940674,151.8990783691,3915.0063476562,3740.69921875,4676.6162109375,10285.501953125,10163.90625,10417.4365234375,NA,NA,NA,NA,2021-01-08,2.0793151855000076,324.4931640625,NA,NA,千葉県
JP-12,CHIBA,2021-01-12,14665.34375,14272.765625,15863.2021484375,138.9681396484,138.1492156982,158.4404449463,4018.541015625,3791.1215820312,5011.0864257812,10483.7080078125,10326.419921875,10654.6689453125,NA,NA,NA,NA,2021-01-08,2.160247802700013,301.6240234375,NA,NA,千葉県
JP-12,CHIBA,2021-01-13,14985.0390625,14505.345703125,16451.24609375,141.1871948242,140.1952972412,164.7660064697,4132.6020507812,3853.6696777344,5348.62109375,10685.87890625,10494.9423828125,10893.8720703125,NA,NA,NA,NA,2021-01-08,2.21905517579998,319.6953125,NA,NA,千葉県
JP-12,CHIBA,2021-01-14,15311.5625,14748.8955078125,17034.6484375,143.4866027832,142.3322143555,170.9237365723,4248.2978515625,3919.7053222656,5679.1967773438,10894.263671875,10671.5166015625,11137.599609375,NA,NA,NA,NA,2021-01-08,2.299407959000007,326.5234375,NA,NA,千葉県
JP-12,CHIBA,2021-01-15,15691.271484375,15043.92578125,17680.697265625,145.8597106934,144.5517730713,176.9369049072,4407.7348632812,4027.6506347656,6061.4580078125,11108.2998046875,10855.3818359375,11385.49609375,NA,NA,NA,NA,2021-01-08,2.373107910199991,379.708984375,NA,NA,千葉県
JP-12,CHIBA,2021-01-16,16082.111328125,15353.4443359375,18330.576171875,148.3583984375,146.904800415,182.8903503418,4573.5190429688,4142.5112304688,6447.552734375,11330.1513671875,11048.5068359375,11639.4130859375,NA,NA,NA,NA,2021-01-08,2.4986877441000104,390.83984375,NA,NA,千葉県
JP-12,CHIBA,2021-01-17,16504.494140625,15693.94140625,19017.384765625,150.9705810547,149.3779449463,188.7935333252,4761.3413085938,4278.3046875,6860.7719726562,11559.8642578125,11250.7451171875,11900.1259765625,NA,NA,NA,NA,2021-01-08,2.6121826172000056,422.3828125,NA,NA,千葉県
JP-12,CHIBA,2021-01-18,16944.37890625,16053.505859375,19719.94140625,153.7239379883,151.9980621338,194.6996612549,4958.4814453125,4423.2641601562,7284.1708984375,11798.8046875,11463.302734375,12168.904296875,NA,NA,NA,NA,2021-01-08,2.7533569336000028,439.884765625,NA,NA,千葉県
JP-12,CHIBA,2021-01-19,17392.837890625,16424.056640625,20424.81640625,156.5996704102,154.7458953857,200.6033782959,5154.34765625,4567.8696289062,7702.3979492188,12048.37109375,11687.4091796875,12447.2587890625,NA,NA,NA,NA,2021-01-08,2.8757324218999827,448.458984375,NA,NA,千葉県
JP-12,CHIBA,2021-01-20,17844.71875,16800.46875,21125.37109375,159.602142334,157.6250610352,206.5260925293,5345.3129882812,4708.9633789062,8109.6220703125,12306.3115234375,11920.744140625,12732.875,NA,NA,NA,NA,2021-01-08,3.002471923800016,451.880859375,NA,NA,千葉県
JP-12,CHIBA,2021-01-21,18290.689453125,17175.029296875,21805.6484375,162.7190856934,160.6227111816,212.4673919678,5521.2514648438,4837.748046875,8489.8173828125,12574.140625,12164.662109375,13027.4697265625,NA,NA,NA,NA,2021-01-08,3.1169433593999827,445.970703125,NA,NA,千葉県
JP-12,CHIBA,2021-01-22,18752.55859375,17565.49609375,22503.427734375,165.9393768311,163.7272796631,218.4318695068,5703.0092773438,4972.6298828125,8874.8359375,12850.369140625,12417.62109375,13331.2294921875,NA,NA,NA,NA,2021-01-08,3.220291137700002,461.869140625,NA,NA,千葉県
JP-12,CHIBA,2021-01-23,19165.24609375,17918.42578125,23111.943359375,169.2856903076,166.9605560303,224.4622192383,5831.865234375,5062.505859375,9172.638671875,13134.86328125,12679.4033203125,13644.25390625,NA,NA,NA,NA,2021-01-08,3.3463134765000007,412.6875,NA,NA,千葉県
JP-12,CHIBA,2021-01-24,19556.115234375,18254.015625,23677.744140625,172.7032470703,170.2682189941,230.4897003174,5931.7475585938,5128.5375976562,9418.67578125,13424.3583984375,12946.763671875,13961.6376953125,NA,NA,NA,NA,2021-01-08,3.417556762700002,390.869140625,NA,NA,千葉県
JP-12,CHIBA,2021-01-25,19948.88671875,18592.86328125,24238.359375,176.1982574463,173.6560058594,236.5299224854,6028.0092773438,5192.7744140625,9652.74609375,13717.6728515625,13218.509765625,14281.9951171875,NA,NA,NA,NA,2021-01-08,3.4950103760000104,392.771484375,NA,NA,千葉県
JP-12,CHIBA,2021-01-26,20362.044921875,18951.109375,24823.083984375,179.7597808838,177.1128234863,242.5756835938,6138.4838867188,5270.4833984375,9904.0263671875,14016.0146484375,13495.755859375,14606.63671875,NA,NA,NA,NA,2021-01-08,3.5615234375,413.158203125,NA,NA,千葉県
JP-12,CHIBA,2021-01-27,20835.263671875,19361.23828125,25500.263671875,183.4176025391,180.66796875,248.6736450195,6302.9497070312,5395.5634765625,10238.1884765625,14317.4892578125,13776.634765625,14933.638671875,NA,NA,NA,NA,2021-01-08,3.6578216552999834,473.21875,NA,NA,千葉県
JP-12,CHIBA,2021-01-28,21310.55078125,19777.9765625,26168.796875,187.2139129639,184.3622894287,254.8935089111,6465.685546875,5520.0043945312,10566.23828125,14626.96484375,14065.775390625,15269.0048828125,NA,NA,NA,NA,2021-01-08,3.796310424799998,475.287109375,NA,NA,千葉県
JP-12,CHIBA,2021-01-29,21834.4375,20236.33984375,26909.634765625,191.1200256348,188.1679382324,261.1887817383,6667.1704101562,5678.2177734375,10954.4453125,14943.076171875,14361.8408203125,15608.5224609375,NA,NA,NA,NA,2021-01-08,3.9061126709000007,523.88671875,NA,NA,千葉県
JP-12,CHIBA,2021-01-30,22319.16015625,20666.85546875,27576.076171875,195.1922149658,192.1383056641,267.6687011719,6826.8955078125,5801.595703125,11271.708984375,15267.2470703125,14666.0771484375,15959.0341796875,NA,NA,NA,NA,2021-01-08,4.072189331000004,484.72265625,NA,NA,千葉県
JP-12,CHIBA,2021-01-31,22815.416015625,21106.91015625,28257.345703125,199.3728942871,196.2178649902,274.243347168,6989.322265625,5927.9575195312,11590.40234375,15596.798828125,14975.916015625,16314.2734375,NA,NA,NA,NA,2021-01-08,4.180679321300005,496.255859375,NA,NA,千葉県
JP-12,CHIBA,2021-02-01,23359.6796875,21588.111328125,29015.0703125,203.6989746094,200.4420318604,280.9781188965,7191.69921875,6088.8540039062,11973.1015625,15932.201171875,15291.73828125,16676.4140625,NA,NA,NA,NA,2021-01-08,4.326080322300015,544.263671875,NA,NA,千葉県
JP-12,CHIBA,2021-02-02,23924.068359375,22089.615234375,29795.462890625,208.1841430664,204.8245544434,287.888885498,7406.5102539062,6260.7827148438,12374.4404296875,16277.1904296875,15617.1201171875,17047.833984375,NA,NA,NA,NA,2021-01-08,4.485168456999986,564.388671875,NA,NA,千葉県
JP-12,CHIBA,2021-02-03,24522.662109375,22620.962890625,30626.70703125,212.8382415771,209.3750152588,294.991973877,7647.4458007812,6455.2338867188,12817.603515625,16629.025390625,15949.4130859375,17425.294921875,NA,NA,NA,NA,2021-01-08,4.65409851070001,598.59375,NA,NA,千葉県
JP-12,CHIBA,2021-02-04,25125.83984375,23159.39453125,31459.619140625,217.6724243164,214.1025695801,302.3293762207,7883.9721679688,6646.4379882812,13252.447265625,16991.599609375,16292.24609375,17817.6796875,NA,NA,NA,NA,2021-01-08,4.83418273929999,603.177734375,NA,NA,千葉県
JP-12,CHIBA,2021-02-05,25723.958984375,23695.634765625,32276.4140625,222.6722259521,218.9936676025,309.8730163574,8106.1088867188,6825.9013671875,13661.5888671875,17363.771484375,16644.52734375,18220.65234375,NA,NA,NA,NA,2021-01-08,4.99980163570001,598.119140625,NA,NA,千葉県
JP-13,TOKYO,2021-01-09,73324.421875,72801.125,74834.8515625,681.5518798828,680.3912353516,709.200012207,17082.263671875,16803.41796875,18308.80859375,55543.3359375,55301.5,55796.46484375,NA,NA,NA,NA,2021-01-08,7.5518798827999944,2142.421875,NA,NA,東京都
JP-13,TOKYO,2021-01-10,75576.71875,74531.125,78651.3359375,690.1848754883,687.9483032227,743.4488525391,18500.337890625,17925.845703125,21026.8046875,56370.83984375,55904.44140625,56860.484375,NA,NA,NA,NA,2021-01-08,8.632995605500014,2252.296875,NA,NA,東京都
JP-13,TOKYO,2021-01-11,77898.4921875,76332.6015625,82576.6484375,699.5875244141,696.3499145508,776.6774902344,19907.13671875,19024.310546875,23788.005859375,57275.07421875,56599.078125,57987.1640625,NA,NA,NA,NA,2021-01-08,9.402648925800008,2321.7734375,NA,NA,東京都
JP-13,TOKYO,2021-01-12,80416.8828125,78327.265625,86754.3046875,709.7295532227,705.557800293,809.0589599609,21427.220703125,20219.875,26731.990234375,58261.40234375,57388.69140625,59183.3125,NA,NA,NA,NA,2021-01-08,10.142028808600003,2518.390625,NA,NA,東京都
JP-13,TOKYO,2021-01-13,83116.3828125,80497.671875,91172.3671875,720.7258911133,715.6770019531,840.9247436523,23046.900390625,21498.705078125,29845.677734375,59328.453125,58270.0234375,60450.5859375,NA,NA,NA,NA,2021-01-08,10.996337890599989,2699.5,NA,NA,東京都
JP-13,TOKYO,2021-01-14,86109.203125,82946.046875,95980.9921875,732.5991821289,726.720703125,872.5060424805,24862.984375,22949.865234375,33260.23828125,60490.6796875,59255.59375,61806.0859375,NA,NA,NA,NA,2021-01-08,11.873291015599989,2992.8203125,NA,NA,東京都
JP-13,TOKYO,2021-01-15,89412.3515625,85684.6796875,101212.25,745.4895629883,738.8218383789,904.1301269531,26882.83984375,24577.423828125,36997.73828125,61758.4140625,60354.08984375,63260.90234375,NA,NA,NA,NA,2021-01-08,12.890380859400011,3303.1484375,NA,NA,東京都
JP-13,TOKYO,2021-01-16,92869.328125,88569.3671875,106651.453125,759.55859375,752.133605957,936.1583862305,28939.017578125,26227.37109375,40831.81640625,63143.546875,61575.7109375,64828.62109375,NA,NA,NA,NA,2021-01-08,14.069030761699992,3456.9765625,NA,NA,東京都
JP-13,TOKYO,2021-01-17,96640.7265625,91744.6640625,112524.1328125,774.8927001953,766.7345581055,968.8503417969,31184.080078125,28038.833984375,44974.67578125,64651.58203125,62924.48046875,66517.4921875,NA,NA,NA,NA,2021-01-08,15.334106445299994,3771.3984375,NA,NA,東京都
JP-13,TOKYO,2021-01-18,100727.640625,95208.7421875,118849.265625,791.9761352539,783.0982666016,1002.94921875,33656.58984375,30044.923828125,49488.9375,66249.6953125,64367.4375,68293.9140625,NA,NA,NA,NA,2021-01-08,17.083435058600003,4086.9140625,NA,NA,東京都
JP-13,TOKYO,2021-01-19,105065.1953125,98901.546875,125533.2265625,810.8989257812,801.3079833984,1038.7078857422,36275.83203125,32172.349609375,54261.01171875,67950.53125,65916.09375,70171.4296875,NA,NA,NA,NA,2021-01-08,18.92279052729998,4337.5546875,NA,NA,東京都
JP-13,TOKYO,2021-01-20,109782.3828125,102934.1953125,132778.796875,831.9467163086,821.6417236328,1076.611328125,39183.1328125,34545.73046875,59505.34375,69739.953125,67556.015625,72134.5390625,NA,NA,NA,NA,2021-01-08,21.047790527400025,4717.1875,NA,NA,東京都
JP-13,TOKYO,2021-01-21,114738.4140625,107183.2890625,140368.796875,855.3939208984,844.3634033203,1117.1494140625,42221.171875,37025.140625,64988.1328125,71636.53125,69304.390625,74204.5546875,NA,NA,NA,NA,2021-01-08,23.44720458979998,4956.03125,NA,NA,東京都
JP-13,TOKYO,2021-01-22,120223.1171875,111899.734375,148761.265625,881.524597168,869.7468261719,1160.8221435547,45683.98828125,39867.93359375,71165.71875,73632.90625,71153.4453125,76376.109375,NA,NA,NA,NA,2021-01-08,26.13067626960003,5484.703125,NA,NA,東京都
JP-13,TOKYO,2021-01-23,125746.4140625,116656.7890625,157190.765625,910.9378051758,898.378112793,1208.5316162109,49079.8359375,42643.78125,77275.609375,75734.171875,73107.578125,78654.796875,NA,NA,NA,NA,2021-01-08,29.413208007799994,5523.296875,NA,NA,東京都
JP-13,TOKYO,2021-01-24,131587.125,121694.53125,166104.1875,943.952331543,930.5669555664,1260.8212890625,52699.97265625,45607.703125,83768.9140625,77923.546875,75150.1484375,81026.28125,NA,NA,NA,NA,2021-01-08,33.014526367200006,5840.7109375,NA,NA,東京都
JP-13,TOKYO,2021-01-25,137894.65625,127141.53125,175737.546875,981.2145996094,966.9467773438,1318.6424560547,56696.7734375,48890.7265625,90890.53125,80198.6484375,77278.546875,83483.6015625,NA,NA,NA,NA,2021-01-08,37.2622680664,6307.53125,NA,NA,東京都
JP-13,TOKYO,2021-01-26,144451.703125,132811.171875,185738.625,1023.2423095703,1008.0222167969,1382.8035888672,60840.0703125,52293.49609375,98275.0234375,82572.8359375,79505.2890625,86041.71875,NA,NA,NA,NA,2021-01-08,42.02770996089998,6557.046875,NA,NA,東京都
JP-13,TOKYO,2021-01-27,151563.078125,138960.453125,196623.09375,1070.8972167969,1054.6370849609,1454.5778808594,65467.10546875,56105.77734375,106468.5859375,85010.9921875,81796.28125,88664.1796875,NA,NA,NA,NA,2021-01-08,47.65490722660002,7111.375,NA,NA,東京都
JP-13,TOKYO,2021-01-28,158975.265625,145374.296875,207973.25,1125.1755371094,1107.7703857422,1535.4265136719,70305.2265625,60092.84765625,115033.125,87533.015625,84170.6484375,91374.2890625,NA,NA,NA,NA,2021-01-08,54.2783203125,7412.1875,NA,NA,東京都
JP-13,TOKYO,2021-01-29,167143.15625,152438.03125,220558.65625,1187.228515625,1168.548828125,1627.0682373047,75826.65625,64658.203125,124746.7578125,90118.7265625,86608.703125,94157.5703125,NA,NA,NA,NA,2021-01-08,62.05297851559999,8167.890625,NA,NA,東京都
JP-13,TOKYO,2021-01-30,175395.90625,159578.40625,233263.578125,1259.0479736328,1238.9268798828,1732.3195800781,81364.8515625,69231.609375,134513.265625,92763.6640625,89105.8984375,96996.2578125,NA,NA,NA,NA,2021-01-08,71.8194580078,8252.75,NA,NA,東京都
JP-13,TOKYO,2021-01-31,183926.921875,166957.1875,246414.796875,1342.3946533203,1320.6302490234,1853.7280273438,87136.6328125,73998.5,144684.484375,95441.1796875,91636.546875,99858.96875,NA,NA,NA,NA,2021-01-08,83.3466796875,8531.015625,NA,NA,東京都
JP-13,TOKYO,2021-02-01,192708.34375,174549.875,259983.78125,1439.7862548828,1416.1248779297,1994.9774169922,93128.5625,78948.03125,155238.796875,98134.7578125,94184.5703125,102736.1796875,NA,NA,NA,NA,2021-01-08,97.3916015625,8781.421875,NA,NA,東京都
JP-13,TOKYO,2021-02-02,201515.53125,182166.3125,273596.125,1553.5604248047,1527.7012939453,2159.4880371094,99117.8671875,83891.828125,165801.875,100840.2421875,96745.953125,105624.5078125,NA,NA,NA,NA,2021-01-08,113.77416992190001,8807.1875,NA,NA,東京都
JP-13,TOKYO,2021-02-03,210378.71875,189826.40625,287341.25,1687.5654296875,1659.1291503906,2352.8557128906,105190.9296875,88904.0703125,176515.4375,103497.390625,99262.6171875,108465.40625,NA,NA,NA,NA,2021-01-08,134.0050048828,8863.1875,NA,NA,東京都
JP-13,TOKYO,2021-02-04,219174.65625,197427.46875,300999.96875,1846.0447998047,1814.5690917969,2581.1982421875,111218.7265625,93876.1328125,187157.734375,106107.9296875,101736.3515625,111255.75,NA,NA,NA,NA,2021-01-08,158.4793701172,8795.9375,NA,NA,東京都
JP-13,TOKYO,2021-02-05,228008.8125,205056.03125,314769.40625,2034.9005126953,1999.8070068359,2853.0451660156,117335.2890625,98921.9921875,197951.84375,108637.28125,104133.9609375,113960.8828125,NA,NA,NA,NA,2021-01-08,188.8557128906,8834.15625,NA,NA,東京都
JP-14,KANAGAWA,2021-01-09,26348.328125,26177.646484375,26800.966796875,308.3153991699,307.7881469727,320.8915405273,4471.2465820312,4397.84765625,4791.7568359375,21538.060546875,21443.908203125,21652.091796875,NA,NA,NA,NA,2021-01-08,4.31539916989999,730.328125,NA,NA,神奈川県
JP-14,KANAGAWA,2021-01-10,27021.216796875,26686.193359375,27918.498046875,313.3383178711,312.3193054199,337.645324707,4728.52734375,4580.943359375,5373.3583984375,21953.9140625,21771.609375,22173.373046875,NA,NA,NA,NA,2021-01-08,5.0229187012000125,672.888671875,NA,NA,神奈川県
JP-14,KANAGAWA,2021-01-11,27721.90234375,27227.19140625,29058.361328125,318.6816711426,317.2013244629,353.981842041,4984.21875,4762.1787109375,5954.7900390625,22393.03515625,22127.83984375,22710.98828125,NA,NA,NA,NA,2021-01-08,5.343353271500007,700.685546875,NA,NA,神奈川県
JP-14,KANAGAWA,2021-01-12,28394.7421875,27748.71484375,30149.072265625,324.370880127,322.456237793,370.0148010254,5190.4208984375,4896.7290039062,6474.1616210938,22856.138671875,22512.697265625,23266.384765625,NA,NA,NA,NA,2021-01-08,5.689208984400011,672.83984375,NA,NA,神奈川県
JP-14,KANAGAWA,2021-01-13,29071.806640625,28280.91796875,31222.580078125,330.3486633301,328.024597168,385.7274475098,5380.3969726562,5017.4487304688,6965.7451171875,23337.748046875,22920.27734375,23830.673828125,NA,NA,NA,NA,2021-01-08,5.977783203099989,677.064453125,NA,NA,神奈川県
JP-14,KANAGAWA,2021-01-14,29748.74609375,28820.1328125,32273.84765625,336.5960083008,333.8843994141,401.1783752441,5552.62890625,5123.5014648438,7425.1806640625,23837.03125,23349.251953125,24406.111328125,NA,NA,NA,NA,2021-01-08,6.247344970699999,676.939453125,NA,NA,神奈川県
JP-14,KANAGAWA,2021-01-15,30442.779296875,29381.720703125,33329.2734375,343.0957641602,340.0154724121,416.4259643555,5725.2700195312,5231.9985351562,7875.6108398438,24352.103515625,23797.33203125,24994.07421875,NA,NA,NA,NA,2021-01-08,6.499755859400011,694.033203125,NA,NA,神奈川県
JP-14,KANAGAWA,2021-01-16,31125.4453125,29939.97265625,34348.26171875,349.8724975586,346.4403686523,431.5476379395,5871.4135742188,5318.4965820312,8279.326171875,24882.880859375,24264.103515625,25594.419921875,NA,NA,NA,NA,2021-01-08,6.776733398399983,682.666015625,NA,NA,神奈川県
JP-14,KANAGAWA,2021-01-17,31823.4921875,30518.26171875,35370.70703125,356.9029846191,353.1334838867,446.5673522949,6018.6547851562,5408.3486328125,8674.0771484375,25426.77734375,24746.681640625,26205.71484375,NA,NA,NA,NA,2021-01-08,7.030487060499979,698.046875,NA,NA,神奈川県
JP-14,KANAGAWA,2021-01-18,32532.126953125,31112.373046875,36388.8515625,364.2145996094,360.1210327148,461.5536804199,6163.1474609375,5497.98046875,9054.830078125,25983.9921875,25245.04296875,26827.5078125,NA,NA,NA,NA,2021-01-08,7.311614990300029,708.634765625,NA,NA,神奈川県
JP-14,KANAGAWA,2021-01-19,33245.04296875,31716.451171875,37395.35546875,371.7616271973,367.3560180664,476.493560791,6298.5522460938,5581.72265625,9412.5859375,26554.630859375,25759.037109375,27461.53125,NA,NA,NA,NA,2021-01-08,7.547027587900004,712.916015625,NA,NA,神奈川県
JP-14,KANAGAWA,2021-01-20,33955.859375,32324.33203125,38381.359375,379.5610351562,374.8532409668,491.4420471191,6419.9296875,5655.2309570312,9739.7626953125,27136.94921875,26286.708984375,28105.83984375,NA,NA,NA,NA,2021-01-08,7.7994079588999625,710.81640625,NA,NA,神奈川県
JP-14,KANAGAWA,2021-01-21,34674.0234375,32944,39361.1484375,387.576385498,382.5759887695,506.3778076172,6537.2270507812,5727.283203125,10051.365234375,27730.2890625,26827.2421875,28759.26171875,NA,NA,NA,NA,2021-01-08,8.015350341800001,718.1640625,NA,NA,神奈川県
JP-14,KANAGAWA,2021-01-22,35423.40625,33595.63671875,40373.6171875,395.8129577637,390.5276794434,521.3385620117,6674.4912109375,5818.771484375,10385.3369140625,28334.021484375,27379.796875,29421.603515625,NA,NA,NA,NA,2021-01-08,8.236572265700033,749.3828125,NA,NA,神奈川県
JP-14,KANAGAWA,2021-01-23,36145.41796875,34229.17578125,41325.46875,404.3235473633,398.7598876953,536.4161987305,6773.5795898438,5878.8251953125,10651.7783203125,28949.8203125,27945.865234375,30094.5078125,NA,NA,NA,NA,2021-01-08,8.510589599599996,722.01171875,NA,NA,神奈川県
JP-14,KANAGAWA,2021-01-24,36868.52734375,34867.6796875,42264.73828125,413.0649414062,407.2289733887,551.5762939453,6864.3251953125,5933.51171875,10896.849609375,29573.96484375,28521.6796875,30774.177734375,NA,NA,NA,NA,2021-01-08,8.74139404289997,723.109375,NA,NA,神奈川県
JP-14,KANAGAWA,2021-01-25,37602.1875,35519.42578125,43206.59375,422.0560913086,415.9530029297,566.862487793,6957.5517578125,5992.0947265625,11138.2001953125,30205.787109375,29106.498046875,31459.787109375,NA,NA,NA,NA,2021-01-08,8.991149902400025,733.66015625,NA,NA,神奈川県
JP-14,KANAGAWA,2021-01-26,38342.65625,36181.1953125,44145.328125,431.2514648438,424.8865661621,582.231262207,7049.1674804688,6050.9018554688,11369.9765625,30846.009765625,29700.919921875,32152.31640625,NA,NA,NA,NA,2021-01-08,9.19537353520002,740.46875,NA,NA,神奈川県
JP-14,KANAGAWA,2021-01-27,39104.9921875,36865.234375,45111.140625,440.6841430664,434.0625915527,597.752746582,7154.7163085938,6123.17578125,11618.267578125,31493.4296875,30303.728515625,32854.05078125,NA,NA,NA,NA,2021-01-08,9.432678222599975,762.3359375,NA,NA,神奈川県
JP-14,KANAGAWA,2021-01-28,39863.5859375,37550.046875,46057.65625,450.3539733887,443.4777832031,613.4430541992,7247.7045898438,6186.0244140625,11840.474609375,32150.1484375,30916.662109375,33564.296875,NA,NA,NA,NA,2021-01-08,9.669830322300015,758.59375,NA,NA,神奈川県
JP-14,KANAGAWA,2021-01-29,40659.80859375,38269.65234375,47054.671875,460.2478027344,453.119934082,629.2883300781,7369.3764648438,6274.5629882812,12104.453125,32814.62890625,31538.19921875,34280.6875,NA,NA,NA,NA,2021-01-08,9.893829345699999,796.22265625,NA,NA,神奈川県
JP-14,KANAGAWA,2021-01-30,41441.33203125,38980.84375,48017.25,470.4395141602,463.0617980957,645.4144287109,7466.904296875,6343.6728515625,12324.34765625,33489.3359375,32170.69140625,35009.3203125,NA,NA,NA,NA,2021-01-08,10.191711425800008,781.5234375,NA,NA,神奈川県
JP-14,KANAGAWA,2021-01-31,42232.65234375,39702.97265625,48984.15234375,480.9082946777,473.2825012207,661.7880249023,7565.52734375,6414.7348632812,12541.4794921875,34171.90234375,32811.734375,35743.34375,NA,NA,NA,NA,2021-01-08,10.468780517499965,791.3203125,NA,NA,神奈川県
JP-14,KANAGAWA,2021-02-01,43024.90625,40428.859375,49941.5,491.6866455078,483.8123474121,678.4758911133,7656.9736328125,6480.6630859375,12742.55078125,34862.515625,33461.39453125,36484.25,NA,NA,NA,NA,2021-01-08,10.77835083010001,792.25390625,NA,NA,神奈川県
JP-14,KANAGAWA,2021-02-02,43815.31640625,41155.91796875,50883.77734375,502.7040710449,494.5816650391,695.3833007812,7738.45703125,6539.033203125,12923.0048828125,35561.08984375,34119.54296875,37230.73828125,NA,NA,NA,NA,2021-01-08,11.017425537099996,790.41015625,NA,NA,神奈川県
JP-14,KANAGAWA,2021-02-03,44618.515625,41895.7890625,51833.265625,513.9888916016,505.6173095703,712.5386352539,7826.2416992188,6603.4868164062,13109.984375,36265.484375,34784.05859375,37976.6328125,NA,NA,NA,NA,2021-01-08,11.284820556700026,803.19921875,NA,NA,神奈川県
JP-14,KANAGAWA,2021-02-04,45433.7265625,42648.2421875,52792.57421875,525.5272827148,516.9068603516,729.9490356445,7918.5112304688,6672.458984375,13301.2099609375,36977.265625,35456.3984375,38728.17578125,NA,NA,NA,NA,2021-01-08,11.538391113199964,815.2109375,NA,NA,神奈川県
JP-14,KANAGAWA,2021-02-05,46294.46484375,43441.01953125,53820.9140625,537.3391113281,528.469543457,747.6569213867,8048.0991210938,6773.5576171875,13552.5029296875,37696.44921875,36136.54296875,39486.9609375,NA,NA,NA,NA,2021-01-08,11.811828613300008,860.73828125,NA,NA,神奈川県
JP-15,NIIGATA,2021-01-09,643.4033203125,638.5708007812,656.3579711914,3.0868210793,3.0816957951,3.2102766037,132.0075531006,129.8308563232,141.4335632324,502.9142150879,500.7200012207,505.3500061035,NA,NA,NA,NA,2021-01-08,0.08682107929999994,16.4033203125,NA,NA,新潟県
JP-15,NIIGATA,2021-01-10,657.0191650391,647.3071289062,683.0706787109,3.1886367798,3.1784863472,3.4322564602,137.2897338867,132.9844818115,155.9401550293,509.18359375,504.9637145996,513.8358154297,NA,NA,NA,NA,2021-01-08,0.1018157005,13.615844726600017,NA,NA,新潟県
JP-15,NIIGATA,2021-01-11,673.8745117188,659.1212768555,713.7571411133,3.2994785309,3.2843673229,3.6610295773,145.4487457275,138.9411315918,173.6771240234,515.7242431641,509.6299438477,522.4603881836,NA,NA,NA,NA,2021-01-08,0.11084175110000016,16.855346679700006,NA,NA,新潟県
JP-15,NIIGATA,2021-01-12,692.2674560547,672.4978637695,746.3079223633,3.4209141731,3.4008715153,3.899055481,155.3711395264,146.5483703613,193.6938171387,522.7329101562,514.8961181641,531.3762817383,NA,NA,NA,NA,2021-01-08,0.1214356421999998,18.392944335899983,NA,NA,新潟県
JP-15,NIIGATA,2021-01-13,711.4172363281,686.7094116211,780.7782592773,3.5528843403,3.5273778439,4.1513037682,166.0876617432,154.8666229248,215.0456085205,530.2583618164,520.7281494141,541.6631469727,NA,NA,NA,NA,2021-01-08,0.1319701672,19.149780273399983,NA,NA,新潟県
JP-15,NIIGATA,2021-01-14,728.282409668,699.35546875,811.2958984375,3.6941635609,3.66320467,4.4123959541,175.3629150391,161.8114624023,234.6560668945,538.3958740234,527.2763061523,552.3757324219,NA,NA,NA,NA,2021-01-08,0.14127922059999998,16.865173339900025,NA,NA,新潟県
JP-15,NIIGATA,2021-01-15,741.5170288086,709.2905273438,835.6636352539,3.8402929306,3.8039236069,4.677283287,181.5900268555,165.9659576416,250.0760803223,546.9985961914,534.3829956055,563.3994140625,NA,NA,NA,NA,2021-01-08,0.14612936970000012,13.234619140599989,NA,NA,新潟県
JP-15,NIIGATA,2021-01-16,752.1604614258,717.1806640625,855.5307617188,3.9868257046,3.9451344013,4.9404845238,184.8772735596,167.5055389404,261.0932312012,555.8490600586,541.8225097656,574.5181884766,NA,NA,NA,NA,2021-01-08,0.1465327740000002,10.643432617200006,NA,NA,新潟県
JP-15,NIIGATA,2021-01-17,761.100402832,723.708984375,872.2408447266,4.1321754456,4.0852861404,5.1997132301,185.9791717529,167.1695098877,268.5170898438,564.7881469727,549.4285888672,585.5802612305,NA,NA,NA,NA,2021-01-08,0.14534974099999953,8.939941406199978,NA,NA,新潟県
JP-15,NIIGATA,2021-01-18,769.4277954102,729.7565307617,887.4188232422,4.2760047913,4.2240943909,5.4539265633,185.8971862793,165.8879547119,273.657409668,573.7491455078,557.1402587891,596.438293457,NA,NA,NA,NA,2021-01-08,0.1438293457000004,8.327392578200033,NA,NA,新潟県
JP-15,NIIGATA,2021-01-19,776.6354980469,735.095703125,900.1597900391,4.4179491997,4.3612303734,5.7029953003,184.6942901611,163.7315673828,276.5851745605,582.7313842773,564.9655761719,607.2462768555,NA,NA,NA,NA,2021-01-08,0.14194440839999967,7.207702636699992,NA,NA,新潟県
JP-15,NIIGATA,2021-01-20,783.1837158203,740.0080566406,910.1723632812,4.5575852394,4.4968466759,5.9410796165,182.7480773926,161.0193634033,277.7313537598,591.5985107422,572.7907714844,616.7690429688,NA,NA,NA,NA,2021-01-08,0.13963603970000005,6.548217773399983,NA,NA,新潟県
JP-15,NIIGATA,2021-01-21,789.28125,744.6451416016,919.1229248047,4.6944727898,4.6298623085,6.1729803085,180.298324585,157.9817962646,277.6167602539,600.3609008789,580.5698242188,626.2034301758,NA,NA,NA,NA,2021-01-08,0.1368875504,6.0975341797000056,NA,NA,新潟県
JP-15,NIIGATA,2021-01-22,795.6663208008,749.5346069336,928.4290771484,4.8287301064,4.7603940964,6.3989515305,177.9373016357,155.1322937012,277.1975708008,608.9906616211,588.2720947266,635.5665283203,NA,NA,NA,NA,2021-01-08,0.1342573166000003,6.385070800800008,NA,NA,新潟県
JP-15,NIIGATA,2021-01-23,801.1828613281,753.9921875,935.740234375,4.9614796638,4.8895478249,6.6204099655,175.1675415039,152.0258483887,275.7383728027,617.4962158203,595.9014282227,644.8040771484,NA,NA,NA,NA,2021-01-08,0.1327495573999995,5.516540527299981,NA,NA,新潟県
JP-15,NIIGATA,2021-01-24,806.9244995117,758.6044921875,943.5174560547,5.0917892456,5.0164060593,6.8364653587,172.473526001,149.0769500732,274.046081543,625.8280029297,603.4076538086,653.9917602539,NA,NA,NA,NA,2021-01-08,0.13030958180000063,5.741638183600003,NA,NA,新潟県
JP-15,NIIGATA,2021-01-25,811.8312988281,762.7915649414,949.3522949219,5.220708847,5.1419897079,7.0482606888,169.4078674316,145.8866577148,271.4290466309,634.0219726562,610.8201293945,662.9844970703,NA,NA,NA,NA,2021-01-08,0.1289196013999998,4.906799316399997,NA,NA,新潟県
JP-15,NIIGATA,2021-01-26,816.7564086914,766.9724731445,955.0662231445,5.3463521004,5.2644381523,7.2531805038,166.2747192383,142.7101745605,268.3964233398,642.0776977539,618.1358642578,671.7408447266,NA,NA,NA,NA,2021-01-08,0.12564325339999982,4.925109863300008,NA,NA,新潟県
JP-15,NIIGATA,2021-01-27,821.5724487305,771.119140625,960.6204223633,5.4696798325,5.38468647,7.4531607628,163.1914978027,139.6433563232,265.1903076172,649.9290161133,625.2889404297,680.4108276367,NA,NA,NA,NA,2021-01-08,0.12332773209999992,4.816040039100017,NA,NA,新潟県
JP-15,NIIGATA,2021-01-28,826.1662597656,775.1796264648,965.6857299805,5.5904426575,5.5024962425,7.6478176117,160.0655670166,136.5985107422,261.6844787598,657.6409301758,632.3400878906,689.0055541992,NA,NA,NA,NA,2021-01-08,0.12076282499999991,4.593811035099975,NA,NA,新潟県
JP-15,NIIGATA,2021-01-29,831.2070922852,779.5346069336,971.4254760742,5.7085876465,5.6178121567,7.8366160393,157.2966461182,133.9067382812,258.5416259766,665.1944580078,639.2673950195,697.2809448242,NA,NA,NA,NA,2021-01-08,0.11814498900000014,5.0408325196000305,NA,NA,新潟県
JP-15,NIIGATA,2021-01-30,835.9354858398,783.8001098633,976.3491210938,5.8252277374,5.7317209244,8.0215320587,154.5610046387,131.287399292,255.2711486816,672.6018676758,646.0808105469,705.3881225586,NA,NA,NA,NA,2021-01-08,0.11664009089999983,4.728393554599961,NA,NA,新潟県
JP-15,NIIGATA,2021-01-31,840.985534668,788.2860717773,981.7835083008,5.9400625229,5.8439288139,8.2019491196,152.1239776611,128.9593353271,252.3278198242,679.8665771484,652.7827758789,713.2524414062,NA,NA,NA,NA,2021-01-08,0.11483478550000026,5.050048828200033,NA,NA,新潟県
JP-15,NIIGATA,2021-02-01,845.9569702148,792.8146972656,986.9475708008,6.0539097786,5.9552254677,8.3795995712,149.8287963867,126.7855606079,249.4844665527,687.0165405273,659.3962402344,721.0270996094,NA,NA,NA,NA,2021-01-08,0.11384725569999965,4.971435546799967,NA,NA,新潟県
JP-15,NIIGATA,2021-02-02,850.6468505859,797.2274169922,991.4283447266,6.1658930779,6.0647392273,8.5532989502,147.4580230713,124.5775146484,246.3921356201,694.0892333984,665.9550170898,728.7119750977,NA,NA,NA,NA,2021-01-08,0.11198329930000028,4.689880371100003,NA,NA,新潟県
JP-15,NIIGATA,2021-02-03,855.1740722656,801.5159912109,995.4030151367,6.2760257721,6.1725053787,8.7223968506,145.057220459,122.3684616089,243.1234741211,701.005065918,672.3837890625,736.0092773438,NA,NA,NA,NA,2021-01-08,0.11013269419999983,4.5272216797000056,NA,NA,新潟県
JP-15,NIIGATA,2021-02-04,859.8359985352,805.875793457,999.7271118164,6.384018898,6.2782182693,8.8872785568,142.7789154053,120.2869262695,239.9665374756,707.8168334961,678.7312011719,743.2382202148,NA,NA,NA,NA,2021-01-08,0.10799312590000021,4.6619262696000305,NA,NA,新潟県
JP-15,NIIGATA,2021-02-05,864.6592407227,810.3662109375,1004.3303833008,6.4903230667,6.3823094368,9.0487108231,140.721496582,118.4118499756,237.0958862305,714.5254516602,684.9938964844,750.3447265625,NA,NA,NA,NA,2021-01-08,0.10630416870000037,4.8232421875,NA,NA,新潟県
JP-16,TOYAMA,2021-01-09,675.6369018555,670.7586669922,688.8103637695,26.0826377869,26.0394477844,27.1269378662,110.2065505981,108.4216918945,118.1634292603,530.415222168,528.1090698242,532.9898071289,NA,NA,NA,NA,2021-01-08,0.08263778690000123,19.636901855500014,NA,NA,富山県
JP-16,TOYAMA,2021-01-10,693.149597168,683.1872558594,720.6296386719,26.1930522919,26.1105308533,28.1944293976,117.8604354858,114.2305221558,134.0638427734,537.6136474609,533.1748657227,542.9962768555,NA,NA,NA,NA,2021-01-08,0.11041450499999783,17.5126953125,NA,NA,富山県
JP-16,TOYAMA,2021-01-11,708.823059082,694.1495361328,750.4008178711,26.3192768097,26.2008171082,29.2008075714,125.4167327881,119.902557373,150.0648956299,545.4353027344,539.0137329102,553.8586425781,NA,NA,NA,NA,2021-01-08,0.12622451780000077,15.673461913999972,NA,NA,富山県
JP-16,TOYAMA,2021-01-12,722.9080200195,703.9872436523,777.5137329102,26.4544696808,26.3030700684,30.1419067383,131.7205810547,124.3602294922,164.6139373779,553.7653198242,545.489074707,565.0767211914,NA,NA,NA,NA,2021-01-08,0.13519287109999922,14.0849609375,NA,NA,富山県
JP-16,TOYAMA,2021-01-13,735.5781860352,712.8475341797,801.9613037109,26.5956726074,26.4140644073,31.0207443237,136.4788208008,127.3804092407,177.0904998779,562.4284057617,552.4135742188,576.4327392578,NA,NA,NA,NA,2021-01-08,0.1412029266000019,12.670166015700033,NA,NA,富山県
JP-16,TOYAMA,2021-01-14,747.0582275391,720.926574707,824.0005493164,26.7403526306,26.531042099,31.8416576385,139.7837982178,129.0987243652,187.394744873,571.3607177734,559.7132568359,587.9423828125,NA,NA,NA,NA,2021-01-08,0.1446800231999994,11.480041503899997,NA,NA,富山県
JP-16,TOYAMA,2021-01-15,757.7008666992,728.4984741211,844.1753540039,26.8871078491,26.6523723602,32.6092300415,141.9339904785,129.8276367188,195.7732849121,580.4533081055,567.272277832,599.5445556641,NA,NA,NA,NA,2021-01-08,0.14675521850000095,10.642639160099975,NA,NA,富山県
JP-16,TOYAMA,2021-01-16,767.0515136719,735.2327880859,861.6338500977,27.0353450775,26.7772598267,33.3272171021,142.8218994141,129.4951324463,201.9728851318,589.6309814453,575.0089111328,611.1083374023,NA,NA,NA,NA,2021-01-08,0.1482372283999993,9.35064697270002,NA,NA,富山県
JP-16,TOYAMA,2021-01-17,775.5918579102,741.4523925781,876.8462524414,27.1835975647,26.9041728973,33.9923629761,142.7456665039,128.3871154785,206.3102722168,598.8055419922,582.8314819336,622.2155151367,NA,NA,NA,NA,2021-01-08,0.14825248720000062,8.540344238300008,NA,NA,富山県
JP-16,TOYAMA,2021-01-18,783.4234619141,747.242980957,889.9406738281,27.3314704895,27.0325775146,34.6077423096,141.908203125,126.6952438354,209.0435333252,607.9295654297,590.6870117188,632.7897338867,NA,NA,NA,NA,2021-01-08,0.14787292479999792,7.831604003899997,NA,NA,富山県
JP-16,TOYAMA,2021-01-19,790.6473388672,752.6931152344,901.5780029297,27.4776058197,27.1608695984,35.1831855774,140.4559020996,124.5596008301,210.4198760986,616.9934692383,598.5573120117,643.2731933594,NA,NA,NA,NA,2021-01-08,0.1461353301999999,7.223876953099989,NA,NA,富山県
JP-16,TOYAMA,2021-01-20,797.3215942383,757.8226928711,912.041015625,27.6220188141,27.2888851166,35.7237854004,138.5267791748,122.1035690308,210.6624450684,625.9059448242,606.3477783203,653.6670532227,NA,NA,NA,NA,2021-01-08,0.14441299439999966,6.674255371100003,NA,NA,富山県
JP-16,TOYAMA,2021-01-21,803.5391845703,762.7027587891,921.296081543,27.7638454437,27.4156284332,36.2291526794,136.2120819092,119.4025421143,209.9148406982,634.6903686523,614.0755004883,663.8176269531,NA,NA,NA,NA,2021-01-08,0.1418266296000006,6.217590331999986,NA,NA,富山県
JP-16,TOYAMA,2021-01-22,809.4565429688,767.432800293,929.7340698242,27.9029026031,27.540845871,36.7019386292,133.669052124,116.5896606445,208.447845459,643.3108520508,621.7034912109,673.7401733398,NA,NA,NA,NA,2021-01-08,0.13905715940000007,5.917358398500028,NA,NA,富山県
JP-16,TOYAMA,2021-01-23,814.8101196289,771.8499145508,937.0323486328,28.0394439697,27.6646823883,37.1470413208,130.811706543,113.5848007202,206.1656646729,651.7496948242,629.2107543945,683.5700073242,NA,NA,NA,NA,2021-01-08,0.1365413665999995,5.353576660099975,NA,NA,富山県
JP-16,TOYAMA,2021-01-24,819.842590332,776.0664672852,943.3834228516,28.1730480194,27.7865943909,37.5624580383,127.7642440796,110.4860610962,203.2651367188,659.9834594727,636.5676879883,692.9567260742,NA,NA,NA,NA,2021-01-08,0.13360404970000062,5.032470703099989,NA,NA,富山県
JP-16,TOYAMA,2021-01-25,824.6032104492,780.1256103516,948.9483642578,28.3038921356,27.9066810608,37.951210022,124.6064834595,107.3568954468,199.9052276611,668.0093994141,643.7688598633,701.9559326172,NA,NA,NA,NA,2021-01-08,0.13084411620000225,4.7606201172000056,NA,NA,富山県
JP-16,TOYAMA,2021-01-26,829.1311645508,784.0628051758,953.7720336914,28.4311256409,28.0240325928,38.3135757446,121.3753967285,104.2224655151,196.1721191406,675.8524780273,650.8354492188,710.5717773438,NA,NA,NA,NA,2021-01-08,0.12723350529999777,4.527954101600017,NA,NA,富山県
JP-16,TOYAMA,2021-01-27,833.4428710938,787.8712768555,957.9974365234,28.5551586151,28.1389846802,38.6523551941,118.1327362061,101.1298980713,192.1954345703,683.4593505859,657.714050293,718.7906494141,NA,NA,NA,NA,2021-01-08,0.12403297420000214,4.311706543000014,NA,NA,富山県
JP-16,TOYAMA,2021-01-28,837.5799560547,791.5862426758,961.7636108398,28.6756477356,28.2511043549,38.9700889587,114.8888397217,98.0825805664,188.0215759277,690.8729248047,664.4421386719,726.7260131836,NA,NA,NA,NA,2021-01-08,0.12048912049999672,4.137084960899983,NA,NA,富山県
JP-16,TOYAMA,2021-01-29,841.6299438477,795.2567749023,965.1680908203,28.7926883698,28.360490799,39.2664070129,111.7179031372,95.1375579834,183.789276123,698.0806884766,671.0072021484,734.266418457,NA,NA,NA,NA,2021-01-08,0.1170406342000021,4.049987793000014,NA,NA,富山県
JP-16,TOYAMA,2021-01-30,845.3972167969,798.7733154297,967.8081665039,28.9066753387,28.4675254822,39.5423049927,108.5314712524,92.2145462036,179.3745117188,705.0822753906,677.4074707031,741.4072265625,NA,NA,NA,NA,2021-01-08,0.11398696890000082,3.7672729491999917,NA,NA,富山県
JP-16,TOYAMA,2021-01-31,849.033203125,802.1948852539,970.2954101562,29.0176429749,28.5720787048,39.8033485413,105.3872756958,89.3601074219,174.9033203125,711.8726806641,683.6315307617,748.3712768555,NA,NA,NA,NA,2021-01-08,0.11096763619999805,3.635986328099989,NA,NA,富山県
JP-16,TOYAMA,2021-02-01,852.560546875,805.5441894531,972.6994628906,29.1258888245,28.6743583679,40.0514793396,102.3159790039,86.5964813232,170.4438934326,718.4605102539,689.6849975586,755.1998291016,NA,NA,NA,NA,2021-01-08,0.10824584959999939,3.52734375,NA,NA,富山県
JP-16,TOYAMA,2021-02-02,855.995300293,808.8397216797,974.9432373047,29.2308216095,28.773771286,40.285736084,99.3193969727,83.9209365845,166.0091705322,724.8750610352,695.5941162109,761.8399047852,NA,NA,NA,NA,2021-01-08,0.10493278500000258,3.434753418000014,NA,NA,富山県
JP-16,TOYAMA,2021-02-03,859.3391723633,812.0687255859,977.0216064453,29.3328723907,28.8707065582,40.506816864,96.4277801514,81.3554916382,161.6602783203,731.0801391602,701.3226928711,768.203918457,NA,NA,NA,NA,2021-01-08,0.10205078119999911,3.3438720702999944,NA,NA,富山県
JP-16,TOYAMA,2021-02-04,862.6135253906,815.2565917969,979.2939453125,29.4319324493,28.9649791718,40.7195053101,93.6287612915,78.8889846802,157.402923584,737.1169433594,706.9092407227,774.6595458984,NA,NA,NA,NA,2021-01-08,0.09906005859999922,3.2743530272999806,NA,NA,富山県
JP-16,TOYAMA,2021-02-05,865.8807983398,818.4378662109,982.1147460938,29.5282306671,29.0567722321,40.9272384644,90.9671401978,76.5575866699,153.3303222656,742.9802246094,712.3477172852,781.4033813477,NA,NA,NA,NA,2021-01-08,0.09629821780000114,3.2672729491999917,NA,NA,富山県
JP-17,ISHIKAWA,2021-01-09,1225.7591552734,1217.921875,1247.0659179688,52.261089325,52.1738243103,54.3720283508,179.2996063232,176.3606262207,192.1742706299,988.09375,983.799987793,993.3182983398,NA,NA,NA,NA,2021-01-08,0.26108932500000037,32.75915527339998,NA,NA,石川県
JP-17,ISHIKAWA,2021-01-10,1241.3210449219,1225.9420166016,1283.3569335938,52.5474319458,52.3804664612,56.5871162415,185.5971679688,179.8086242676,210.9485015869,995.6703491211,987.4498291016,1005.7597045898,NA,NA,NA,NA,2021-01-08,0.2863426207999993,15.561889648500028,NA,NA,石川県
JP-17,ISHIKAWA,2021-01-11,1255.8352050781,1233.5053710938,1317.0831298828,52.8526725769,52.6127967834,58.6531944275,191.8515472412,183.3039398193,229.2547912598,1003.5869750977,991.7677612305,1017.9721069336,NA,NA,NA,NA,2021-01-08,0.30524063109999844,14.514160156199978,NA,NA,石川県
JP-17,ISHIKAWA,2021-01-12,1269.4372558594,1240.7514648438,1348.4174804688,53.1712722778,52.8646202087,60.5833435059,197.26222229,186.0937957764,246.0971679688,1011.8075561523,996.6849365234,1030.1142578125,NA,NA,NA,NA,2021-01-08,0.3185997009000019,13.602050781300022,NA,NA,石川県
JP-17,ISHIKAWA,2021-01-13,1282.1984863281,1247.7045898438,1377.3665771484,53.5016479492,53.1338157654,62.388507843,201.7040710449,188.0867004395,261.1932983398,1020.1975708008,1002.0404663086,1042.0142822266,NA,NA,NA,NA,2021-01-08,0.3303756713999988,12.761230468699978,NA,NA,石川県
JP-17,ISHIKAWA,2021-01-14,1294.2602539062,1254.4732666016,1404.1751708984,53.8407783508,53.4168434143,64.0795593262,205.2351379395,189.3612213135,274.5234680176,1028.7786865234,1007.8291015625,1053.8021240234,NA,NA,NA,NA,2021-01-08,0.3391304016000021,12.061767578099989,NA,NA,石川県
JP-17,ISHIKAWA,2021-01-15,1305.9343261719,1261.2814941406,1429.3779296875,54.1871109009,53.7117538452,65.6658096313,208.1245880127,190.1781616211,286.3840942383,1037.4914550781,1013.9702148438,1065.4818115234,NA,NA,NA,NA,2021-01-08,0.3463325501000014,11.674072265700033,NA,NA,石川県
JP-17,ISHIKAWA,2021-01-16,1316.6345214844,1267.6611328125,1451.8728027344,54.5401992798,54.0176200867,67.1553039551,210.0913085938,190.2882232666,296.3452148438,1046.2951660156,1020.4036865234,1076.8579101562,NA,NA,NA,NA,2021-01-08,0.3530883788999972,10.7001953125,NA,NA,石川県
JP-17,ISHIKAWA,2021-01-17,1326.8304443359,1273.9207763672,1472.6021728516,54.8984680176,54.3324737549,68.5572967529,211.3952789307,189.9357299805,304.7500610352,1055.1412353516,1027.0610351562,1087.9979248047,NA,NA,NA,NA,2021-01-08,0.3582687378000031,10.195922851499972,NA,NA,石川県
JP-17,ISHIKAWA,2021-01-18,1336.5770263672,1280.1022949219,1491.8817138672,55.2615356445,54.6555328369,69.8836364746,212.169708252,189.243057251,311.804901123,1064.0131835938,1033.908203125,1099.0936279297,NA,NA,NA,NA,2021-01-08,0.3630676268999977,9.746582031300022,NA,NA,石川県
JP-17,ISHIKAWA,2021-01-19,1345.9395751953,1286.2517089844,1509.8172607422,55.6262664795,54.9833831787,71.1378555298,212.4811553955,188.2667694092,317.6218261719,1072.9401855469,1040.9588623047,1110.1765136719,NA,NA,NA,NA,2021-01-08,0.36473083500000314,9.362548828099989,NA,NA,石川県
JP-17,ISHIKAWA,2021-01-20,1354.9356689453,1292.3406982422,1526.4282226562,55.9929275513,55.3159866333,72.325592041,212.4334869385,187.0928649902,322.3719177246,1081.818359375,1048.0981445312,1121.0364990234,NA,NA,NA,NA,2021-01-08,0.36666107179999585,8.99609375,NA,NA,石川県
JP-17,ISHIKAWA,2021-01-21,1363.6396484375,1298.4212646484,1541.8024902344,56.3597183228,55.6512794495,73.4502563477,212.0567932129,185.7412719727,326.1276550293,1090.7086181641,1055.3724365234,1131.70703125,NA,NA,NA,NA,2021-01-08,0.36679077149999983,8.703979492200006,NA,NA,石川県
JP-17,ISHIKAWA,2021-01-22,1372.2349853516,1304.6071777344,1556.4467773438,56.7262611389,55.9887123108,74.5178833008,211.5215759277,184.3555603027,329.191986084,1099.5762939453,1062.7396240234,1142.2630615234,NA,NA,NA,NA,2021-01-08,0.36654281610000083,8.595336914100017,NA,NA,石川県
JP-17,ISHIKAWA,2021-01-23,1380.2806396484,1310.5903320312,1569.5773925781,57.0930290222,56.3285484314,75.5342483521,210.5931854248,182.7237854004,331.2334594727,1108.4036865234,1070.1721191406,1152.6888427734,NA,NA,NA,NA,2021-01-08,0.36676788329999965,8.045654296799967,NA,NA,石川県
JP-17,ISHIKAWA,2021-01-24,1388.0953369141,1316.5258789062,1581.7886962891,57.4594306946,56.6699447632,76.5023345947,209.4263153076,180.9736022949,332.5152893066,1117.1674804688,1077.6354980469,1162.8629150391,NA,NA,NA,NA,2021-01-08,0.3664016724000021,7.814697265700033,NA,NA,石川県
JP-17,ISHIKAWA,2021-01-25,1395.71875,1322.4515380859,1593.1879882812,57.8257102966,57.0129852295,77.4267578125,208.0991516113,179.1660766602,333.1932983398,1125.8688964844,1085.1234130859,1172.818359375,NA,NA,NA,NA,2021-01-08,0.36627960199999876,7.623413085899983,NA,NA,石川県
JP-17,ISHIKAWA,2021-01-26,1403.1828613281,1328.3942871094,1603.755859375,58.1894226074,57.3551063538,78.306968689,206.6279449463,177.3074798584,333.3192749023,1134.5499267578,1092.6688232422,1182.5395507812,NA,NA,NA,NA,2021-01-08,0.3637123107999969,7.464111328099989,NA,NA,石川県
JP-17,ISHIKAWA,2021-01-27,1410.4854736328,1334.3193359375,1613.6997070312,58.5514526367,57.6970214844,79.1495513916,205.0829772949,175.4523773193,333.041595459,1143.1214599609,1100.1787109375,1192.0362548828,NA,NA,NA,NA,2021-01-08,0.3620300293000014,7.3026123047000056,NA,NA,石川県
JP-17,ISHIKAWA,2021-01-28,1417.6716308594,1340.2683105469,1623.2779541016,58.9106521606,58.0374526978,79.9590759277,203.4541168213,173.587310791,332.3824462891,1151.6522216797,1107.7139892578,1201.5668945312,NA,NA,NA,NA,2021-01-08,0.35919952390000276,7.186157226600017,NA,NA,石川県
JP-17,ISHIKAWA,2021-01-29,1424.8785400391,1346.310546875,1632.4835205078,59.2669487,58.3760986328,80.733795166,201.8627624512,171.8066864014,331.5471496582,1160.1165771484,1115.2415771484,1210.8131103516,NA,NA,NA,NA,2021-01-08,0.35629653939999884,7.2069091797000056,NA,NA,石川県
JP-17,ISHIKAWA,2021-01-30,1431.7243652344,1352.2094726562,1640.6741943359,59.6211624146,58.7138595581,81.4776611328,200.0925750732,169.9219970703,330.2090759277,1168.5046386719,1122.7509765625,1219.8563232422,NA,NA,NA,NA,2021-01-08,0.3542137146000002,6.8458251952999944,NA,NA,石川県
JP-17,ISHIKAWA,2021-01-31,1438.4637451172,1358.0760498047,1648.7340087891,59.9732780457,59.0505867004,82.1977844238,198.2559509277,168.0266723633,328.5884399414,1176.8021240234,1130.2221679688,1228.9489746094,NA,NA,NA,NA,2021-01-08,0.35211563109999844,6.7393798827999944,NA,NA,石川県
JP-17,ISHIKAWA,2021-02-01,1445.12109375,1363.9392089844,1656.5718994141,60.3237800598,59.386631012,82.8954391479,196.4030151367,166.1574554443,326.7796936035,1185.0151367188,1137.6557617188,1237.9846191406,NA,NA,NA,NA,2021-01-08,0.3505020141000017,6.6573486327999944,NA,NA,石川県
JP-17,ISHIKAWA,2021-02-02,1451.7127685547,1369.8201904297,1664.2313232422,60.6705932617,59.7198562622,83.5705413818,194.5257568359,164.3038330078,324.7885742188,1193.1893310547,1145.0908203125,1247.0509033203,NA,NA,NA,NA,2021-01-08,0.3468132018999981,6.5916748047000056,NA,NA,石川県
JP-17,ISHIKAWA,2021-02-03,1458.2292480469,1375.6872558594,1671.8386230469,61.0148010254,60.0512695312,84.227104187,192.6808776855,162.5104827881,322.7281188965,1201.2437744141,1152.447265625,1256.1198730469,NA,NA,NA,NA,2021-01-08,0.3442077636999983,6.5164794922000056,NA,NA,石川県
JP-17,ISHIKAWA,2021-02-04,1464.701171875,1381.568359375,1679.056640625,61.3553543091,60.3797569275,84.8600082397,190.8424987793,160.7491607666,320.550567627,1209.2462158203,1159.7856445312,1264.9332275391,NA,NA,NA,NA,2021-01-08,0.3405532837000038,6.471923828099989,NA,NA,石川県
JP-17,ISHIKAWA,2021-02-05,1471.2479248047,1387.53515625,1686.5838623047,61.6925697327,60.7055740356,85.4774551392,189.1114349365,159.1051025391,318.4604797363,1217.1760253906,1167.0842285156,1273.87109375,NA,NA,NA,NA,2021-01-08,0.3372154236,6.5467529297000056,NA,NA,石川県
JP-18,FUKUI,2021-01-09,392.9467163086,390.4515380859,398.767364502,12.085103035,12.0650434494,12.5706138611,40.6516418457,39.9939308167,43.5905075073,335.9024047852,334.4452514648,337.5277099609,NA,NA,NA,NA,2021-01-08,0.0851030349999995,5.946716308600003,NA,NA,福井県
JP-18,FUKUI,2021-01-10,398.3822937012,393.3204040527,410.2349243164,12.1808757782,12.1423482895,13.1124324799,42.322467804,41.0179862976,48.1354789734,337.9968566895,335.2102661133,341.108215332,NA,NA,NA,NA,2021-01-08,0.09577274320000129,5.43557739260001,NA,NA,福井県
JP-18,FUKUI,2021-01-11,403.3688354492,395.8897399902,421.0628662109,12.2854499817,12.2298736572,13.628531456,44.334602356,42.3811149597,53.0225257874,340.2451171875,336.2436218262,344.7635192871,NA,NA,NA,NA,2021-01-08,0.10457420349999857,4.986541747999979,NA,NA,福井県
JP-18,FUKUI,2021-01-12,407.9640808105,398.2890319824,431.0801696777,12.3966445923,12.3253040314,14.1198072433,46.3364601135,43.7396202087,57.8617019653,342.6276855469,337.5141906738,348.4465942383,NA,NA,NA,NA,2021-01-08,0.11119461060000013,4.5952453612999875,NA,NA,福井県
JP-18,FUKUI,2021-01-13,412.2041015625,400.5590209961,440.2266540527,12.5134134293,12.4274873734,14.587647438,48.1433792114,44.9224472046,62.4015388489,345.100982666,338.9684753418,352.0855712891,NA,NA,NA,NA,2021-01-08,0.1167688370000004,4.240020752000021,NA,NA,福井県
JP-18,FUKUI,2021-01-14,416.1471252441,402.7442016602,448.5542602539,12.6343307495,12.5348796844,15.033326149,49.6861457825,45.8727073669,66.5185241699,347.6604309082,340.5917663574,355.6854248047,NA,NA,NA,NA,2021-01-08,0.12091732020000023,3.943023681599982,NA,NA,福井県
JP-18,FUKUI,2021-01-15,419.902130127,404.9150390625,456.2851867676,12.7585458755,12.6465291977,15.4589042664,50.9803085327,46.6137123108,70.2063827515,350.2802734375,342.3497314453,359.265411377,NA,NA,NA,NA,2021-01-08,0.12421512599999929,3.755004882900039,NA,NA,福井県
JP-18,FUKUI,2021-01-16,423.2908630371,406.9373474121,463.1145935059,12.8856315613,12.7619304657,15.8659467697,51.9585075378,47.0899085999,73.346244812,352.9467773438,344.2219543457,362.8182983398,NA,NA,NA,NA,2021-01-08,0.1270856858000009,3.388732910099975,NA,NA,福井県
JP-18,FUKUI,2021-01-17,426.4724731445,408.9018859863,469.3414611816,13.0147342682,12.8801651001,16.2552890778,52.6672515869,47.3493614197,75.9820556641,355.6387939453,346.1815185547,366.3268432617,NA,NA,NA,NA,2021-01-08,0.12910270689999948,3.1816101073999903,NA,NA,福井県
JP-18,FUKUI,2021-01-18,429.4719238281,410.8191833496,474.9973449707,13.1454668045,13.0007820129,16.6279029846,53.1432418823,47.4280853271,78.1520843506,358.3461914062,348.2131958008,369.7648010254,NA,NA,NA,NA,2021-01-08,0.13073253630000004,2.9994506836000028,NA,NA,福井県
JP-18,FUKUI,2021-01-19,432.315246582,412.7039794922,480.1276245117,13.2766580582,13.1225605011,16.9838733673,53.4178543091,47.3557891846,79.8955535889,361.072265625,350.3151245117,373.1371154785,NA,NA,NA,NA,2021-01-08,0.13119125370000084,2.8433227538999972,NA,NA,福井県
JP-18,FUKUI,2021-01-20,435.0137023926,414.5471801758,484.7507324219,13.4082422256,13.2453804016,17.3241024017,53.5228500366,47.1610336304,81.2563323975,363.7864379883,352.4526367188,376.3802185059,NA,NA,NA,NA,2021-01-08,0.13158416739999979,2.6984558106000236,NA,NA,福井県
JP-18,FUKUI,2021-01-21,437.5941772461,416.3669128418,488.9783935547,13.5395431519,13.368519783,17.6497116089,53.4801483154,46.8634910583,82.2724151611,366.5010986328,354.6336364746,379.5693969727,NA,NA,NA,NA,2021-01-08,0.1313009262999998,2.580474853499993,NA,NA,福井県
JP-18,FUKUI,2021-01-22,440.1142272949,418.1911315918,493.0466003418,13.6703586578,13.4917192459,17.9628162384,53.3364372253,46.5040893555,83.0250396729,369.2037353516,356.8418579102,382.7910766602,NA,NA,NA,NA,2021-01-08,0.13081550589999935,2.5200500487999875,NA,NA,福井県
JP-18,FUKUI,2021-01-23,442.4487915039,419.9506530762,496.7784729004,13.8007850647,13.615029335,18.2654342651,53.063533783,46.0576591492,83.479675293,371.8888549805,359.0686645508,386.1105957031,NA,NA,NA,NA,2021-01-08,0.13042640689999985,2.334564209000007,NA,NA,福井県
JP-18,FUKUI,2021-01-24,444.6943359375,421.6811523438,500.2751159668,13.9305353165,13.7381105423,18.5570144653,52.6944198608,45.5508651733,83.6874694824,374.5477294922,361.3013305664,389.4002990723,NA,NA,NA,NA,2021-01-08,0.12975025180000088,2.2455444336000028,NA,NA,福井県
JP-18,FUKUI,2021-01-25,446.8653564453,423.3906555176,503.4989624023,14.0596179962,13.8609342575,18.8376426697,52.2525024414,45.0022087097,83.6886978149,377.1789245605,363.5354309082,392.5932922363,NA,NA,NA,NA,2021-01-08,0.12908267969999976,2.1710205077999944,NA,NA,福井県
JP-18,FUKUI,2021-01-26,448.973236084,425.091217041,506.5356750488,14.187251091,13.9827070236,19.1076850891,51.7502250671,44.4213600159,83.5131149292,379.7930297852,365.7794799805,395.7672119141,NA,NA,NA,NA,2021-01-08,0.12763309480000018,2.1078796387000125,NA,NA,福井県
JP-18,FUKUI,2021-01-27,451.0195617676,426.7718811035,509.3829956055,14.3136825562,14.1036243439,19.3680686951,51.2084960938,43.8243026733,83.1996154785,382.3659667969,368.0071105957,398.8649291992,NA,NA,NA,NA,2021-01-08,0.1264314651999996,2.0463256836000028,NA,NA,福井県
JP-18,FUKUI,2021-01-28,453.0185546875,428.4468078613,512.1587524414,14.4385404587,14.2233028412,19.6199073792,50.6301193237,43.2125015259,82.7636032104,384.9151306152,370.2343444824,401.9986877441,NA,NA,NA,NA,2021-01-08,0.1248579025000005,1.9989929198999903,NA,NA,福井県
JP-18,FUKUI,2021-01-29,455.0094604492,430.1261901855,514.8265380859,14.5617990494,14.3415079117,19.8631362915,50.0432090759,42.6072807312,82.2515563965,387.4331970215,372.4471740723,405.0349731445,NA,NA,NA,NA,2021-01-08,0.123258590699999,1.9909057616999917,NA,NA,福井県
JP-18,FUKUI,2021-01-30,456.8881530762,431.7648010254,517.0223388672,14.6836853027,14.4586601257,20.0959358215,49.4172592163,41.9806289673,81.6133956909,389.9180297852,374.6471252441,407.8447570801,NA,NA,NA,NA,2021-01-08,0.12188625330000136,1.8786926270000208,NA,NA,福井県
JP-18,FUKUI,2021-01-31,458.7264709473,433.3868713379,519.1699829102,14.8042078018,14.5747213364,20.3216495514,48.7704162598,41.348285675,80.8946838379,392.3653564453,376.8281860352,410.6524963379,NA,NA,NA,NA,2021-01-08,0.12052249909999979,1.8383178711000028,NA,NA,福井県
JP-18,FUKUI,2021-02-01,460.5322875977,434.9964294434,521.2124023438,14.9235067368,14.6897888184,20.540555954,48.1140975952,40.7181854248,80.1163024902,394.7764587402,378.9886779785,413.3910217285,NA,NA,NA,NA,2021-01-08,0.11929893499999977,1.8058166504000042,NA,NA,福井県
JP-18,FUKUI,2021-02-02,462.310760498,436.601348877,523.0897827148,15.0409450531,14.8032331467,20.7513217926,47.4504585266,40.0907249451,79.2837982178,397.1632385254,381.1394348145,416.0167541504,NA,NA,NA,NA,2021-01-08,0.11743831629999946,1.7784729002999597,NA,NA,福井県
JP-18,FUKUI,2021-02-03,464.0600280762,438.1951599121,525.0054931641,15.1569032669,14.9154233932,20.9568386078,46.7929763794,39.4774780273,78.4312667847,399.5054321289,383.2609558105,418.682800293,NA,NA,NA,NA,2021-01-08,0.11595821380000082,1.7492675782000333,NA,NA,福井県
JP-18,FUKUI,2021-02-04,465.7890930176,439.7905273438,527.1409912109,15.2711486816,15.0261125565,21.1588249207,46.1372795105,38.8747558594,77.5618438721,401.8205871582,385.3708190918,421.5764770508,NA,NA,NA,NA,2021-01-08,0.11424541469999916,1.7290649413999972,NA,NA,福井県
JP-18,FUKUI,2021-02-05,467.5294799805,441.3942871094,529.231628418,15.3836784363,15.1354112625,21.3539161682,45.5030212402,38.2959823608,76.6986465454,404.1033935547,387.4601745605,424.3651733398,NA,NA,NA,NA,2021-01-08,0.1125297547000006,1.7403869629000042,NA,NA,福井県
JP-19,YAMANASHI,2021-01-09,706.731628418,700.9965209961,722.2053222656,11.1365652084,11.1180047989,11.5845537186,130.3085784912,128.1921386719,139.7183227539,550.8479614258,548.4396362305,553.8889770508,NA,NA,NA,NA,2021-01-08,0.13656520840000042,30.731628418000014,NA,NA,山梨県
JP-19,YAMANASHI,2021-01-10,734.6764526367,722.4642333984,768.0737304688,11.3183479309,11.2823228836,12.1862335205,147.3081359863,142.7596740723,167.5424804688,556.8635864258,552.2391967773,562.6677856445,NA,NA,NA,NA,2021-01-08,0.1817827224999995,27.944824218699978,NA,NA,山梨県
JP-19,YAMANASHI,2021-01-11,760.1934204102,741.7202148438,811.6353149414,11.532204628,11.47960186,12.7966337204,164.8040466309,157.5383453369,197.1101226807,563.815246582,557.1402587891,572.0217285156,NA,NA,NA,NA,2021-01-08,0.21385669710000066,25.516967773500028,NA,NA,山梨県
JP-19,YAMANASHI,2021-01-12,783.604675293,759.3092651367,852.2440185547,11.7694015503,11.7010288239,13.4093904495,180.8892364502,170.7532653809,225.8810882568,571.5816650391,563.0010986328,581.737487793,NA,NA,NA,NA,2021-01-08,0.237196922299999,23.411254882799994,NA,NA,山梨県
JP-19,YAMANASHI,2021-01-13,805.1057128906,775.4407348633,890.0574951172,12.0257453918,11.9422330856,14.0250148773,194.8958129883,181.8702697754,252.6159820557,579.9666137695,569.6043701172,591.9196166992,NA,NA,NA,NA,2021-01-08,0.25634384149999967,21.501037597599975,NA,NA,山梨県
JP-19,YAMANASHI,2021-01-14,825.0023193359,790.4057617188,925.2111206055,12.2969779968,12.1989021301,14.6410188675,206.8144989014,190.9728546143,276.8921508789,588.9252319336,576.8903808594,602.5590820312,NA,NA,NA,NA,2021-01-08,0.27123260500000157,19.896606445299994,NA,NA,山梨県
JP-19,YAMANASHI,2021-01-15,843.8553466797,804.6475219727,958.4102783203,12.5804948807,12.4683923721,15.2560043335,216.9999694824,198.4602813721,298.8591308594,598.3452758789,584.7349243164,613.5650024414,NA,NA,NA,NA,2021-01-08,0.2835168838999991,18.853027343800022,NA,NA,山梨県
JP-19,YAMANASHI,2021-01-16,860.7821044922,817.5299072266,988.1468505859,12.8751392365,12.7493209839,15.871389389,225.1271057129,204.0908508301,317.8317871094,608.1582641602,593.0525512695,624.9859008789,NA,NA,NA,NA,2021-01-08,0.2946443558000009,16.9267578125,NA,NA,山梨県
JP-19,YAMANASHI,2021-01-17,876.572265625,829.6174926758,1015.5778808594,13.1782989502,13.0392723083,16.4832859039,231.6049041748,208.2852478027,334.1711730957,618.2474365234,601.7269287109,636.6005249023,NA,NA,NA,NA,2021-01-08,0.3031597136999995,15.790161132799994,NA,NA,山梨県
JP-19,YAMANASHI,2021-01-18,891.3592529297,841.0430908203,1040.9416503906,13.4889764786,13.3372106552,17.0921821594,236.7051544189,211.3215942383,348.1510314941,628.5540771484,610.6929931641,648.4513549805,NA,NA,NA,NA,2021-01-08,0.3106775283999994,14.786987304700006,NA,NA,山梨県
JP-19,YAMANASHI,2021-01-19,905.2840576172,851.9409179688,1064.4188232422,13.8039741516,13.6399307251,17.6952342987,240.6271514893,213.3990783691,359.9859924316,639.0777587891,619.9424438477,660.5667724609,NA,NA,NA,NA,2021-01-08,0.3149976730000006,13.9248046875,NA,NA,山梨県
JP-19,YAMANASHI,2021-01-20,918.4127807617,862.3242797852,1086.0471191406,14.1229972839,13.9471092224,18.2921123505,243.5544433594,214.6910858154,369.8846435547,649.6719970703,629.3259887695,672.6654663086,NA,NA,NA,NA,2021-01-08,0.3190231322999999,13.128723144499986,NA,NA,山梨県
JP-19,YAMANASHI,2021-01-21,930.8888549805,872.3247070312,1106.0216064453,14.444062233,14.2567710876,18.8809127808,245.622833252,215.3254241943,378.0293273926,660.3804931641,638.881652832,684.8004150391,NA,NA,NA,NA,2021-01-08,0.32106494910000016,12.476074218800022,NA,NA,山梨県
JP-19,YAMANASHI,2021-01-22,942.9999389648,882.1323852539,1124.9935302734,14.7664461136,14.5681800842,19.4618225098,247.0995483398,215.5406799316,384.8358764648,671.1415405273,648.5469970703,696.9808349609,NA,NA,NA,NA,2021-01-08,0.32238388060000034,12.111083984299967,NA,NA,山梨県
JP-19,YAMANASHI,2021-01-23,954.1590576172,891.3873291016,1141.7651367188,15.0903091431,14.8814458847,20.0354156494,247.7690582275,215.1463623047,389.9683837891,681.9229736328,658.28125,709.1284179688,NA,NA,NA,NA,2021-01-08,0.3238630295,11.159118652400025,NA,NA,山梨県
JP-19,YAMANASHI,2021-01-24,964.8389892578,900.3292236328,1157.3452148438,15.4147157669,15.1956224442,20.6009349823,247.847076416,214.3299102783,393.7686157227,692.6803588867,668.0401000977,721.1775512695,NA,NA,NA,NA,2021-01-08,0.32440662379999985,10.679931640599989,NA,NA,山梨県
JP-19,YAMANASHI,2021-01-25,975.116027832,909.0332641602,1171.7725830078,15.7397203445,15.5107688904,21.1582298279,247.4715270996,213.2063903809,396.462890625,703.4029541016,677.8106689453,733.0427246094,NA,NA,NA,NA,2021-01-08,0.3250045775999997,10.277038574199992,NA,NA,山梨県
JP-19,YAMANASHI,2021-01-26,985.0516357422,917.5700073242,1185.3001708984,16.0629940033,15.8245439529,21.7056941986,246.7070617676,211.8300476074,398.1967773438,714.1334838867,687.6305541992,744.9273071289,NA,NA,NA,NA,2021-01-08,0.32327365879999803,9.93560791020002,NA,NA,山梨県
JP-19,YAMANASHI,2021-01-27,994.6594238281,925.9103393555,1197.9852294922,16.3851852417,16.1375522614,22.2445335388,245.6626434326,210.288192749,399.1615905762,724.756652832,697.3829345703,756.6373291016,NA,NA,NA,NA,2021-01-08,0.3221912384000021,9.607788085899983,NA,NA,山梨県
JP-19,YAMANASHI,2021-01-28,1004.0120239258,934.1281738281,1209.9440917969,16.7050666809,16.448589325,22.7735710144,244.3578338623,208.5936431885,399.4163208008,735.3486328125,707.1401977539,768.2776489258,NA,NA,NA,NA,2021-01-08,0.31988143919999956,9.35260009770002,NA,NA,山梨県
JP-19,YAMANASHI,2021-01-29,1013.2985839844,942.344909668,1222.3117675781,17.0226726532,16.7575798035,23.2976093292,242.954208374,206.8894805908,399.3231201172,745.8720703125,716.8656005859,780.4442138672,NA,NA,NA,NA,2021-01-08,0.31760597230000087,9.286560058600003,NA,NA,山梨県
JP-19,YAMANASHI,2021-01-30,1022.0394287109,950.2749633789,1233.134765625,17.338558197,17.0653247833,23.8113708496,241.2436218262,204.9766845703,398.4619140625,756.3111572266,726.5407714844,792.2628173828,NA,NA,NA,NA,2021-01-08,0.31588554380000033,8.740844726499972,NA,NA,山梨県
JP-19,YAMANASHI,2021-01-31,1030.572265625,958.0541381836,1243.4254150391,17.6524810791,17.3713493347,24.3169746399,239.3510131836,202.9612579346,397.0773010254,766.6441040039,736.1387939453,803.8898925781,NA,NA,NA,NA,2021-01-08,0.3139228820999982,8.532836914100017,NA,NA,山梨県
JP-19,YAMANASHI,2021-02-01,1038.9383544922,965.7309570312,1253.2506103516,17.964887619,17.6761035919,24.8152446747,237.347946167,200.8993530273,395.3081359863,776.8749389648,745.6624755859,815.3377075195,NA,NA,NA,NA,2021-01-08,0.31240653989999956,8.366088867200006,NA,NA,山梨県
JP-19,YAMANASHI,2021-02-02,1047.1652832031,973.3443603516,1262.458984375,18.2738342285,17.9776477814,25.3026676178,235.2440338135,198.792098999,393.1742553711,787.0565185547,755.1611938477,826.5213012695,NA,NA,NA,NA,2021-01-08,0.3089466095000013,8.226928710899983,NA,NA,山梨県
JP-19,YAMANASHI,2021-02-03,1055.2490234375,980.8668212891,1271.5294189453,18.5803031921,18.2769050598,25.7836952209,233.115737915,196.7051849365,390.8576965332,797.0882568359,764.5369873047,837.681640625,NA,NA,NA,NA,2021-01-08,0.3064689636000004,8.083740234400011,NA,NA,山梨県
JP-19,YAMANASHI,2021-02-04,1063.2319335938,988.3416748047,1280.2493896484,18.8833599091,18.572933197,26.2560596466,230.9415130615,194.612701416,388.3162841797,807.0518798828,773.8652954102,848.6905517578,NA,NA,NA,NA,2021-01-08,0.3030567170000005,7.982910156300022,NA,NA,山梨県
JP-19,YAMANASHI,2021-02-05,1071.2628173828,995.8455810547,1288.1643066406,19.1830711365,18.8661060333,26.7127990723,228.8369140625,192.5988616943,385.6860351562,816.919921875,783.1294555664,858.7988891602,NA,NA,NA,NA,2021-01-08,0.29971122739999956,8.030883788999972,NA,NA,山梨県
JP-20,NAGANO,2021-01-09,1576.2813720703,1560.5328369141,1618.0828857422,18.7631587982,18.7306442261,19.5337429047,343.2238464355,337.6508178711,367.9417724609,1152.3963623047,1147.3795166016,1157.6525878906,NA,NA,NA,NA,2021-01-08,0.7631587981999992,76.2813720703,NA,NA,長野県
JP-20,NAGANO,2021-01-10,1638.1962890625,1606.4572753906,1724.2142333984,19.703042984,19.637840271,21.2452468872,383.0396118164,371.2069091797,435.4962768555,1171.02734375,1161.3402099609,1181.1954345703,NA,NA,NA,NA,2021-01-08,0.9398841858000004,61.914916992200006,NA,NA,長野県
JP-20,NAGANO,2021-01-11,1698.7337646484,1651.4176025391,1829.4809570312,20.7358455658,20.6374187469,23.0590839386,421.5963439941,402.992767334,504.0003356934,1191.8311767578,1177.7674560547,1206.6265869141,NA,NA,NA,NA,2021-01-08,1.0328025817999986,60.53747558589998,NA,NA,長野県
JP-20,NAGANO,2021-01-12,1744.3868408203,1684.5625,1913.3702392578,21.8447380066,21.7124824524,24.9606285095,451.8766784668,426.5308837891,564.0049438477,1214.3509521484,1196.1644287109,1233.5321044922,NA,NA,NA,NA,2021-01-08,1.1088924408000018,45.65307617190001,NA,NA,長野県
JP-20,NAGANO,2021-01-13,1787.8453369141,1716.1964111328,1993.3896484375,22.9785900116,22.8120079041,26.8934307098,476.1209716797,444.2622070312,616.8558349609,1237.5985107422,1215.513671875,1261.1141357422,NA,NA,NA,NA,2021-01-08,1.1338520050000014,43.45849609380002,NA,NA,長野県
JP-20,NAGANO,2021-01-14,1829.9996337891,1747.0924072266,2070.3156738281,24.1363487244,23.9351177216,28.8557510376,496.3847351074,458.3047485352,664.2883911133,1261.58203125,1235.8112792969,1289.2182617188,NA,NA,NA,NA,2021-01-08,1.1577587127999998,42.154296875,NA,NA,長野県
JP-20,NAGANO,2021-01-15,1871.7512207031,1778.0177001953,2145.3264160156,25.3204917908,25.0844230652,30.8478794098,514.1700439453,470.1620178223,707.8153076172,1286.2614746094,1256.9963378906,1317.822265625,NA,NA,NA,NA,2021-01-08,1.1841430663999972,41.75158691399997,NA,NA,長野県
JP-20,NAGANO,2021-01-16,1911.4846191406,1807.8764648438,2216.0192871094,26.5349235535,26.2631969452,32.8782653809,529.3756713867,479.8210144043,747.0778198242,1311.5512695312,1278.9365234375,1347.2912597656,NA,NA,NA,NA,2021-01-08,1.214431762700002,39.7333984375,NA,NA,長野県
JP-20,NAGANO,2021-01-17,1951.8255615234,1838.4642333984,2286.4621582031,27.776134491,27.4688129425,34.9344940186,543.3356933594,488.5350646973,783.7032470703,1337.3565673828,1301.5532226562,1377.0775146484,NA,NA,NA,NA,2021-01-08,1.2412109375,40.340942382799994,NA,NA,長野県
JP-20,NAGANO,2021-01-18,1990.5472412109,1868.5029296875,2352.4655761719,29.049577713,28.7064418793,37.0249786377,555.7193603516,496.0317687988,817.161315918,1363.748046875,1324.8916015625,1407.4229736328,NA,NA,NA,NA,2021-01-08,1.273443222000001,38.7216796875,NA,NA,長野県
JP-20,NAGANO,2021-01-19,2028.3648681641,1898.361328125,2415.4360351562,30.3426322937,29.9636440277,39.1334648132,566.6101074219,502.4055175781,847.5044555664,1390.7124023438,1348.9273681641,1438.3082275391,NA,NA,NA,NA,2021-01-08,1.293054580699998,37.81762695320003,NA,NA,長野県
JP-20,NAGANO,2021-01-20,2064.2971191406,1927.2799072266,2473.4248046875,31.6556377411,31.2413272858,41.255317688,575.7044067383,507.3939819336,874.1764526367,1417.9006347656,1373.32421875,1469.0338134766,NA,NA,NA,NA,2021-01-08,1.313005447400002,35.93225097649997,NA,NA,長野県
JP-20,NAGANO,2021-01-21,2100.6245117188,1956.5936279297,2531.154296875,32.9796676636,32.5304069519,43.3810310364,583.8710327148,511.7770080566,898.5021362305,1445.4022216797,1398.1520996094,1499.9117431641,NA,NA,NA,NA,2021-01-08,1.3240299224999958,36.32739257820003,NA,NA,長野県
JP-20,NAGANO,2021-01-22,2137.0092773438,1986.3076171875,2587.9155273438,34.3180541992,33.8338623047,45.5176811218,591.5316162109,515.9228515625,921.189453125,1473.2172851562,1423.3946533203,1531.1481933594,NA,NA,NA,NA,2021-01-08,1.3383865356000015,36.384765625,NA,NA,長野県
JP-20,NAGANO,2021-01-23,2170.6813964844,2014.7622070312,2637.8781738281,35.6727027893,35.1544151306,47.6614265442,597.4653930664,518.7528686523,940.3133544922,1501.2701416016,1448.9848632812,1562.3415527344,NA,NA,NA,NA,2021-01-08,1.3546485900999983,33.67211914059999,NA,NA,長野県
JP-20,NAGANO,2021-01-24,2204.3515625,2043.1899414062,2687.5961914062,37.0358543396,36.483959198,49.8069114685,602.4789428711,520.9783935547,957.2066650391,1529.3931884766,1474.748046875,1593.7388916016,NA,NA,NA,NA,2021-01-08,1.3631515503000031,33.67016601559999,NA,NA,長野県
JP-20,NAGANO,2021-01-25,2237.0207519531,2071.2687988281,2734.6479492188,38.4116401672,37.826877594,51.9584541321,606.5438842773,522.5669555664,971.8563842773,1557.6632080078,1500.7568359375,1625.4216308594,NA,NA,NA,NA,2021-01-08,1.375785827599998,32.66918945309999,NA,NA,長野県
JP-20,NAGANO,2021-01-26,2269.0380859375,2099.1213378906,2779.2839355469,39.790096283,39.173210144,54.1000099182,609.7108154297,523.5431518555,984.3137207031,1586.1474609375,1527.056640625,1656.9923095703,NA,NA,NA,NA,2021-01-08,1.3784561157999988,32.01733398440001,NA,NA,長野県
JP-20,NAGANO,2021-01-27,2299.6123046875,2126.1879882812,2820.6682128906,41.1734580994,40.5245361328,56.2403717041,611.7778320312,523.7354125977,994.3452148438,1614.5540771484,1553.3448486328,1688.5825195312,NA,NA,NA,NA,2021-01-08,1.3833618164000043,30.57421875,NA,NA,長野県
JP-20,NAGANO,2021-01-28,2329.5114746094,2152.833984375,2860.8493652344,42.5545539856,41.8738975525,58.3717460632,612.8832397461,523.2623291016,1002.2457275391,1643.0018310547,1579.740234375,1720.6286621094,NA,NA,NA,NA,2021-01-08,1.3810958862000007,29.89916992190001,NA,NA,長野県
JP-20,NAGANO,2021-01-29,2360.2924804688,2179.9172363281,2902.62890625,43.93334198,43.2219581604,60.4878501892,613.9735717773,522.912902832,1009.5401000977,1671.3890380859,1606.1568603516,1752.5341796875,NA,NA,NA,NA,2021-01-08,1.3787879943999997,30.78100585940001,NA,NA,長野県
JP-20,NAGANO,2021-01-30,2390.1728515625,2206.7072753906,2941.6105957031,45.316532135,44.5752372742,62.5963859558,614.6045532227,522.2913818359,1015.5222167969,1699.7471923828,1632.6147460938,1784.1140136719,NA,NA,NA,NA,2021-01-08,1.3831901550000012,29.880371093699978,NA,NA,長野県
JP-20,NAGANO,2021-01-31,2420.3034667969,2233.6667480469,2980.5031738281,46.7028236389,45.9316635132,64.699005127,615.180847168,521.7310791016,1020.9085083008,1728.0472412109,1659.0594482422,1815.3391113281,NA,NA,NA,NA,2021-01-08,1.3862915038999972,30.13061523440001,NA,NA,長野県
JP-20,NAGANO,2021-02-01,2449.6550292969,2260.4138183594,3016.9709472656,48.0959205627,47.29529953,66.7993240356,615.4020996094,520.9709472656,1025.2540283203,1756.337890625,1685.5509033203,1846.3486328125,NA,NA,NA,NA,2021-01-08,1.3930969238000017,29.3515625,NA,NA,長野県
JP-20,NAGANO,2021-02-02,2478.5417480469,2286.9899902344,3051.9558105469,49.4858512878,48.6562232971,68.8861465454,615.1657714844,519.9167480469,1028.435546875,1784.6942138672,1712.1534423828,1877.2998046875,NA,NA,NA,NA,2021-01-08,1.389930725100001,28.88671875,NA,NA,長野県
JP-20,NAGANO,2021-02-03,2507.1472167969,2313.3361816406,3086.4760742188,50.8753509521,50.0166931152,70.9670410156,614.6773071289,518.7368774414,1030.8572998047,1812.8416748047,1738.5855712891,1908.1323242188,NA,NA,NA,NA,2021-01-08,1.389499664299997,28.60546875,NA,NA,長野県
JP-20,NAGANO,2021-02-04,2535.8408203125,2339.7678222656,3120.8374023438,52.2611312866,51.3742294312,73.0315246582,614.0629272461,517.5274047852,1032.7332763672,1840.9903564453,1765.0700683594,1938.8359375,NA,NA,NA,NA,2021-01-08,1.385780334499998,28.69360351559999,NA,NA,長野県
JP-20,NAGANO,2021-02-05,2565.25,2366.640625,3156.7158203125,53.6448173523,52.7298812866,75.0871353149,613.7900390625,516.6786499023,1034.9185791016,1869.0792236328,1791.5308837891,1969.625,NA,NA,NA,NA,2021-01-08,1.3836860657000045,29.4091796875,NA,NA,長野県
JP-21,GIFU,2021-01-09,2929.9504394531,2907.9812011719,2994.6538085938,45.3794898987,45.298789978,47.2648391724,675.7615356445,664.6228637695,724.0788574219,2196.1848144531,2186.5161132812,2208.4108886719,NA,NA,NA,NA,2021-01-08,1.379489898700001,61.95043945309999,NA,NA,岐阜県
JP-21,GIFU,2021-01-10,2993.5810546875,2950.4616699219,3120.9143066406,46.8491439819,46.6905899048,50.5505104065,700.2832641602,678.3352050781,795.5635375977,2231.9631347656,2213.2990722656,2255.3666992188,NA,NA,NA,NA,2021-01-08,1.4696540831999982,63.63061523440001,NA,NA,岐阜県
JP-21,GIFU,2021-01-11,3060.8078613281,2997.3972167969,3248.8203125,48.3890686035,48.1551704407,53.8469161987,727.9293823242,695.3612670898,869.3715209961,2269.0817871094,2242.0314941406,2302.6984863281,NA,NA,NA,NA,2021-01-08,1.5399246216000009,67.22680664059999,NA,NA,岐阜県
JP-21,GIFU,2021-01-12,3120.45703125,3038.6474609375,3363.9645996094,49.9937553406,49.6867256165,57.1556663513,748.7395019531,706.1901245117,933.5488891602,2307.8708496094,2272.9763183594,2350.8635253906,NA,NA,NA,NA,2021-01-08,1.6046867371000033,59.64916992190001,NA,NA,岐阜県
JP-21,GIFU,2021-01-13,3182.8559570312,3083.1655273438,3479.7595214844,51.6429977417,51.2651481628,60.4564704895,769.565612793,717.434753418,995.910949707,2347.4814453125,2305.2438964844,2398.8298339844,NA,NA,NA,NA,2021-01-08,1.6492424010999969,62.39892578119998,NA,NA,岐阜県
JP-21,GIFU,2021-01-14,3237.2353515625,3121.8671875,3580.9904785156,53.3400039673,52.8933906555,63.7608108521,783.0809936523,722.3258056641,1046.7683105469,2388.2038574219,2339.0749511719,2447.2683105469,NA,NA,NA,NA,2021-01-08,1.6970062255999991,54.37939453130002,NA,NA,岐阜県
JP-21,GIFU,2021-01-15,3304.7917480469,3172.3933105469,3699.3225097656,55.0621376038,54.5486297607,67.0474395752,805.264831543,735.6486206055,1107.3739013672,2429.4633789062,2373.8608398438,2495.8957519531,NA,NA,NA,NA,2021-01-08,1.722133636499997,67.55639648440001,NA,NA,岐阜県
JP-21,GIFU,2021-01-16,3377.0832519531,3228.3317871094,3821.0336914062,56.8482513428,56.270111084,70.3581314087,832.020690918,753.4396362305,1172.9476318359,2471.9304199219,2410.2270507812,2544.86328125,NA,NA,NA,NA,2021-01-08,1.786113739000001,72.29150390619998,NA,NA,岐阜県
JP-21,GIFU,2021-01-17,3453.4055175781,3288.7399902344,3946.2287597656,58.7064437866,58.0648727417,73.7134933472,861.6857299805,774.0979614258,1241.6303710938,2515.8391113281,2448.3405761719,2594.9177246094,NA,NA,NA,NA,2021-01-08,1.8581924438000001,76.322265625,NA,NA,岐阜県
JP-21,GIFU,2021-01-18,3527.9912109375,3348.7863769531,4066.0905761719,60.6445732117,59.9403953552,77.1290512085,889.1619873047,793.0137939453,1306.1965332031,2561.3137207031,2488.2890625,2646.2780761719,NA,NA,NA,NA,2021-01-08,1.9381294251000014,74.58569335940001,NA,NA,岐阜県
JP-21,GIFU,2021-01-19,3597.3698730469,3405.3627929688,4175.2934570312,62.64245224,61.8765487671,80.5834655762,910.6995849609,806.8973999023,1360.8676757812,2608.3552246094,2530.0432128906,2698.9802246094,NA,NA,NA,NA,2021-01-08,1.997879028299998,69.37866210940001,NA,NA,岐阜県
JP-21,GIFU,2021-01-20,3658.8562011719,3455.970703125,4270.3642578125,64.6893310547,63.8620567322,84.0709991455,923.9945068359,813.8052368164,1401.8093261719,2656.2421875,2572.857421875,2752.7243652344,NA,NA,NA,NA,2021-01-08,2.0468788147000083,61.486328125,NA,NA,岐阜県
JP-21,GIFU,2021-01-21,3719.6262207031,3506.0498046875,4363.1577148438,66.7592391968,65.8716125488,87.5563049316,934.5815429688,818.6829223633,1437.0677490234,2704.7849121094,2616.5412597656,2807.080078125,NA,NA,NA,NA,2021-01-08,2.0699081420999903,60.77001953119998,NA,NA,岐阜県
JP-21,GIFU,2021-01-22,3777.552734375,3554.4389648438,4449.12109375,68.8530349731,67.9061355591,91.0400466919,942.0551147461,821.1789550781,1465.9572753906,2753.8283691406,2660.927734375,2861.6896972656,NA,NA,NA,NA,2021-01-08,2.0937957762999986,57.92651367190001,NA,NA,岐阜県
JP-21,GIFU,2021-01-23,3833.9047851562,3601.9377441406,4530.6577148438,70.966506958,69.9615631104,94.5166854858,947.4028930664,822.1569213867,1489.9947509766,2803.1437988281,2705.7807617188,2916.2202148438,NA,NA,NA,NA,2021-01-08,2.113471984900002,56.35205078119998,NA,NA,岐阜県
JP-21,GIFU,2021-01-24,3891.1516113281,3650.4943847656,4612.251953125,73.0992050171,72.0373077393,97.9885025024,952.9829711914,823.6532592773,1512.9915771484,2852.6064453125,2750.9602050781,2970.7204589844,NA,NA,NA,NA,2021-01-08,2.132698059100008,57.24682617190001,NA,NA,岐阜県
JP-21,GIFU,2021-01-25,3945.57421875,3697.4978027344,4687.2631835938,75.2573547363,74.1389923096,101.4683990479,956.1788330078,823.3860473633,1530.9187011719,2902.2797851562,2796.501953125,3025.4208984375,NA,NA,NA,NA,2021-01-08,2.158149719199997,54.42260742190001,NA,NA,岐阜県
JP-21,GIFU,2021-01-26,4002.8317871094,3746.8972167969,4766.205078125,77.4208679199,76.2472839355,104.9282989502,960.9921875,824.7891235352,1550.2661132812,2952.2106933594,2842.4592285156,3080.3288574219,NA,NA,NA,NA,2021-01-08,2.1635131836000028,57.25756835940001,NA,NA,岐阜県
JP-21,GIFU,2021-01-27,4059.8139648438,3796.7097167969,4842.4897460938,79.6042251587,78.3769836426,108.3812789917,965.9174804688,826.5252075195,1568.6882324219,3002.13671875,2888.5754394531,3134.5483398438,NA,NA,NA,NA,2021-01-08,2.1833572387999993,56.98217773440001,NA,NA,岐阜県
JP-21,GIFU,2021-01-28,4117.5581054688,3847.53515625,4918.4091796875,81.7997055054,80.5196762085,111.8231582642,971.1789550781,828.7667236328,1586.6850585938,3052.40234375,2935.150390625,3188.6840820312,NA,NA,NA,NA,2021-01-08,2.195480346699995,57.744140625,NA,NA,岐阜県
JP-21,GIFU,2021-01-29,4175.0903320312,3898.6545410156,4992.7680664062,84.009552002,82.6777038574,115.2605361938,976.1426391602,830.9584960938,1603.3591308594,3102.9047851562,2982.0812988281,3243.0434570312,NA,NA,NA,NA,2021-01-08,2.209846496600008,57.532226562399956,NA,NA,岐阜県
JP-21,GIFU,2021-01-30,4226.154296875,3945.279296875,5054.2963867188,86.2359466553,84.8531265259,118.6970825195,975.5983276367,828.6502075195,1610.1527099609,3153.5249023438,3029.2416992188,3297.333984375,NA,NA,NA,NA,2021-01-08,2.226394653299991,51.06396484380002,NA,NA,岐阜県
JP-21,GIFU,2021-01-31,4278.9453125,3992.7802734375,5119.2333984375,88.4644927979,87.0314483643,122.1160049438,975.6433105469,827.0239868164,1617.1408691406,3203.8728027344,3076.2424316406,3351.23046875,NA,NA,NA,NA,2021-01-08,2.2285461425999955,52.791015625,NA,NA,岐阜県
JP-21,GIFU,2021-02-01,4336.6953125,4044.2741699219,5192.3095703125,90.7063293457,89.2241287231,125.5305404663,979.9974975586,829.2095947266,1630.6068115234,3254.1066894531,3123.2380371094,3404.8305664062,NA,NA,NA,NA,2021-01-08,2.2418365478000055,57.75,NA,NA,岐阜県
JP-21,GIFU,2021-02-02,4400.189453125,4100.8247070312,5273.9541015625,92.9625167847,91.4317779541,128.944152832,989.5306396484,835.9104614258,1652.1439208984,3304.767578125,3170.7333984375,3458.5913085938,NA,NA,NA,NA,2021-01-08,2.2561874390000014,63.494140625,NA,NA,岐阜県
JP-21,GIFU,2021-02-03,4466.3041992188,4160.1440429688,5359.5375976562,95.2524795532,93.6729278564,132.3946838379,1001.8547363281,845.0943603516,1677.9844970703,3355.724609375,3218.5859375,3513.2778320312,NA,NA,NA,NA,2021-01-08,2.289962768500004,66.11474609380002,NA,NA,岐阜県
JP-21,GIFU,2021-02-04,4529.6293945312,4218.083984375,5438.1176757812,97.5738525391,95.9459838867,135.8697967529,1011.7103881836,852.2926635742,1699.2659912109,3407.4340820312,3267.2380371094,3568.453125,NA,NA,NA,NA,2021-01-08,2.3213729858999983,63.325195312399956,NA,NA,岐阜県
JP-21,GIFU,2021-02-05,4592.1704101562,4275.4389648438,5514.4375,99.9167556763,98.2408981323,139.3563690186,1020.0712280273,858.3214111328,1717.6105957031,3459.6000976562,3316.3967285156,3623.6923828125,NA,NA,NA,NA,2021-01-08,2.342903137199997,62.541015625,NA,NA,岐阜県
JP-22,SHIZUOKA,2021-01-09,3176.7849121094,3153.3239746094,3242.9672851562,48.6571502686,48.5699157715,50.6872291565,650.6302490234,639.9541015625,697.3305053711,2454.4743652344,2443.6994628906,2467.8088378906,NA,NA,NA,NA,2021-01-08,0.6571502685999988,82.78491210940001,NA,NA,静岡県
JP-22,SHIZUOKA,2021-01-10,3250.3464355469,3203.8579101562,3383.1472167969,49.4433784485,49.2750358582,53.3647727966,693.8091430664,672.1649169922,788.5693969727,2481.9892578125,2461.2939453125,2507.5895996094,NA,NA,NA,NA,2021-01-08,0.7862281799000002,73.5615234375,NA,NA,静岡県
JP-22,SHIZUOKA,2021-01-11,3311.2541503906,3243.8117675781,3506.3767089844,50.2941741943,50.0501785278,55.9847450256,727.5542602539,695.1569213867,869.4553833008,2511.55859375,2481.7102050781,2548.5197753906,NA,NA,NA,NA,2021-01-08,0.8507957457999993,60.90771484369998,NA,NA,静岡県
JP-22,SHIZUOKA,2021-01-12,3358.9304199219,3272.9750976562,3609.1701660156,51.1743049622,50.8603019714,58.5149078369,747.8634033203,705.5526123047,933.0780029297,2542.4929199219,2504.1865234375,2589.4936523438,NA,NA,NA,NA,2021-01-08,0.880130767899999,47.67626953130002,NA,NA,静岡県
JP-22,SHIZUOKA,2021-01-13,3401.6721191406,3298.6047363281,3701.8247070312,52.066783905,51.6880226135,60.9452171326,760.6161499023,709.297668457,984.9859008789,2573.8100585938,2527.6779785156,2629.6125488281,NA,NA,NA,NA,2021-01-08,0.892478942800004,42.74169921869998,NA,NA,静岡県
JP-22,SHIZUOKA,2021-01-14,3444.2878417969,3325.0185546875,3791.2399902344,52.9680252075,52.5284042358,63.2875671387,771.0759887695,711.4612426758,1031.3990478516,2605.5944824219,2552.1782226562,2669.6440429688,NA,NA,NA,NA,2021-01-08,0.9012413024999972,42.61572265630002,NA,NA,静岡県
JP-22,SHIZUOKA,2021-01-15,3490.0144042969,3355.0329589844,3882.478515625,53.8816490173,53.3843002319,65.5590591431,783.0628051758,715.5618896484,1077.5258789062,2637.7412109375,2577.5227050781,2709.7856445312,NA,NA,NA,NA,2021-01-08,0.9136238098000007,45.7265625,NA,NA,静岡県
JP-22,SHIZUOKA,2021-01-16,3536.5959472656,3386.9252929688,3971.662109375,54.8151702881,54.2635154724,67.7722091675,795.766418457,720.7834472656,1122.5301513672,2670.2917480469,2603.7360839844,2749.6545410156,NA,NA,NA,NA,2021-01-08,0.9335212708,46.58154296869998,NA,NA,静岡県
JP-22,SHIZUOKA,2021-01-17,3586.1396484375,3422.2231445312,4062.6552734375,55.7694244385,55.1661911011,69.9392547607,810.5524291992,728.3073120117,1168.6339111328,2703.25,2630.7749023438,2789.4084472656,NA,NA,NA,NA,2021-01-08,0.9542541504000042,49.54370117190001,NA,NA,静岡県
JP-22,SHIZUOKA,2021-01-18,3634.6193847656,3457.8371582031,4148.6640625,56.7501144409,56.0978889465,72.0716552734,824.7103271484,735.6413574219,1212.1511230469,2736.7504882812,2658.7397460938,2828.9741210938,NA,NA,NA,NA,2021-01-08,0.9806900023999958,48.47973632809999,NA,NA,静岡県
JP-22,SHIZUOKA,2021-01-19,3682.5002441406,3493.814453125,4230.6997070312,57.746837616,57.0482521057,74.1598968506,837.7490844727,742.3320922852,1252.4006347656,2770.8913574219,2687.6872558594,2868.3159179688,NA,NA,NA,NA,2021-01-08,0.9967231751000014,47.880859375,NA,NA,静岡県
JP-22,SHIZUOKA,2021-01-20,3728.6687011719,3529.1391601562,4308.1533203125,58.7612113953,58.0180015564,76.2193756104,849.0183105469,747.8098144531,1288.5178222656,2805.2863769531,2717.1953125,2907.8605957031,NA,NA,NA,NA,2021-01-08,1.0143737793000014,46.16845703130002,NA,NA,静岡県
JP-22,SHIZUOKA,2021-01-21,3776.9287109375,3566.58984375,4387.162109375,59.7871780396,59.0017204285,78.240776062,860.9825439453,754.2269287109,1324.2523193359,2840.1538085938,2747.4721679688,2947.3969726562,NA,NA,NA,NA,2021-01-08,1.0259666442999986,48.26000976559999,NA,NA,静岡県
JP-22,SHIZUOKA,2021-01-22,3823.2377929688,3603.4599609375,4460.2524414062,60.8295402527,60.0038795471,80.2346572876,871.4010009766,759.58984375,1356.2701416016,2875.5224609375,2778.5056152344,2986.990234375,NA,NA,NA,NA,2021-01-08,1.0423622130999988,46.30908203130002,NA,NA,静岡県
JP-22,SHIZUOKA,2021-01-23,3867.5559082031,3639.2770996094,4528.5590820312,61.8849830627,61.0203285217,82.2065734863,879.6068725586,763.3193359375,1383.5949707031,2911.2253417969,2810.0903320312,3026.93359375,NA,NA,NA,NA,2021-01-08,1.0554428100000024,44.31811523429997,NA,NA,静岡県
JP-22,SHIZUOKA,2021-01-24,3909.7309570312,3673.8698730469,4591.6127929688,62.9519691467,62.0499534607,84.1536636353,885.5264282227,765.3461303711,1406.0786132812,2947.1474609375,2842.1140136719,3066.8139648438,NA,NA,NA,NA,2021-01-08,1.0669860839999998,42.17504882809999,NA,NA,静岡県
JP-22,SHIZUOKA,2021-01-25,3949.4814453125,3706.9948730469,4649.296875,64.0293502808,63.0912818909,86.080329895,888.9742431641,765.5116577148,1423.4664306641,2983.2404785156,2874.5092773438,3106.8762207031,NA,NA,NA,NA,2021-01-08,1.0773811341000012,39.75048828130002,NA,NA,静岡県
JP-22,SHIZUOKA,2021-01-26,3985.8830566406,3737.9411621094,4699.4116210938,65.1070632935,64.1348190308,87.9704742432,889.1219482422,763.0922241211,1434.3835449219,3019.5822753906,2907.3454589844,3146.7241210938,NA,NA,NA,NA,2021-01-08,1.077713012700002,36.40161132809999,NA,NA,静岡県
JP-22,SHIZUOKA,2021-01-27,4020.556640625,3767.568359375,4745.9921875,66.1836700439,65.1786193848,89.8285522461,887.3491821289,759.2745361328,1441.1094970703,3055.6513671875,2940.0871582031,3186.17578125,NA,NA,NA,NA,2021-01-08,1.0766067503999892,34.67358398440001,NA,NA,静岡県
JP-22,SHIZUOKA,2021-01-28,4052.4494628906,3795.3757324219,4787.0971679688,67.2554626465,66.2188873291,91.6544036865,883.0512084961,753.5396728516,1442.7496337891,3091.681640625,2972.9516601562,3225.8806152344,NA,NA,NA,NA,2021-01-08,1.0717926026000129,31.89282226559999,NA,NA,静岡県
JP-22,SHIZUOKA,2021-01-29,4085.7504882812,3824.1062011719,4830.150390625,68.3190841675,67.2526931763,93.4388656616,879.3543701172,748.5328979492,1444.4030761719,3127.4536132812,3005.7236328125,3264.8518066406,NA,NA,NA,NA,2021-01-08,1.0636215209999875,33.30102539059999,NA,NA,静岡県
JP-22,SHIZUOKA,2021-01-30,4118.1030273438,3852.5725097656,4870.4350585938,69.3815307617,68.2867355347,95.1957244873,875.2991943359,743.4204711914,1444.6354980469,3162.9965820312,3038.4140625,3303.45703125,NA,NA,NA,NA,2021-01-08,1.0624465942000114,32.352539062600044,NA,NA,静岡県
JP-22,SHIZUOKA,2021-01-31,4152.6264648438,3882.7180175781,4914.599609375,70.4424972534,69.3201828003,96.9304885864,872.9571533203,739.9450073242,1446.9916992188,3198.27734375,3070.96875,3341.9768066406,NA,NA,NA,NA,2021-01-08,1.0609664917000003,34.5234375,NA,NA,静岡県
JP-22,SHIZUOKA,2021-02-01,4187.2084960938,3913.4475097656,4957.7705078125,71.5085296631,70.3596115112,98.6514358521,871.2202148438,737.1389160156,1449.7111816406,3233.4465332031,3103.5275878906,3380.31640625,NA,NA,NA,NA,2021-01-08,1.0660324097,34.58203125,NA,NA,静岡県
JP-22,SHIZUOKA,2021-02-02,4223.1416015625,3945.4482421875,5002.6010742188,72.5720214844,71.3972930908,100.3504104614,870.5493774414,735.3721313477,1453.6330566406,3268.7041015625,3136.2700195312,3418.6237792969,NA,NA,NA,NA,2021-01-08,1.0634918212999906,35.93310546869998,NA,NA,静岡県
JP-22,SHIZUOKA,2021-02-03,4257.0678710938,3976.4450683594,5042.6420898438,73.638633728,72.4389572144,102.0345840454,868.8480834961,732.8560791016,1455.3084716797,3303.7590332031,3168.9116210938,3456.4787597656,NA,NA,NA,NA,2021-01-08,1.0666122436000052,33.92626953130002,NA,NA,静岡県
JP-22,SHIZUOKA,2021-02-04,4289.9833984375,4006.7229003906,5080.2788085938,74.7006912231,73.4765090942,103.6959457397,866.0673828125,729.5393066406,1454.6879882812,3338.80078125,3201.6105957031,3494.0412597656,NA,NA,NA,NA,2021-01-08,1.0620574950999924,32.91552734369998,NA,NA,静岡県
JP-22,SHIZUOKA,2021-02-05,4321.5874023438,4036.0961914062,5115.4189453125,75.7579650879,74.509475708,105.3396377563,862.1890258789,725.4039916992,1451.8120117188,3373.7023925781,3234.2314453125,3531.5876464844,NA,NA,NA,NA,2021-01-08,1.0572738648000097,31.604003906300022,NA,NA,静岡県
JP-23,AICHI,2021-01-09,18709.16015625,18587.740234375,19016.86328125,260.7212219238,260.2646179199,271.5021057129,2953.1711425781,2904.57421875,3164.4602050781,15434.1875,15366.955078125,15508.869140625,NA,NA,NA,NA,2021-01-08,4.7212219237999875,399.16015625,NA,NA,愛知県
JP-23,AICHI,2021-01-10,19107.87109375,18869.162109375,19721.8359375,266.3197631836,265.4340515137,287.248626709,3146.1096191406,3047.7172851562,3574.46484375,15632.3642578125,15503,15775.583984375,NA,NA,NA,NA,2021-01-08,5.598541259800015,398.7109375,NA,NA,愛知県
JP-23,AICHI,2021-01-11,19493.87109375,19143.87109375,20405.482421875,272.3603210449,271.0690002441,302.892364502,3318.5871582031,3170.4948730469,3963.9084472656,15843.0771484375,15656.09765625,16049.81640625,NA,NA,NA,NA,2021-01-08,6.0405578612999875,386,NA,NA,愛知県
JP-23,AICHI,2021-01-12,19841.169921875,19388.494140625,21030.05859375,278.7311096191,277.0548095703,318.3866882324,3444.8935546875,3249.6821289062,4295.8603515625,16065.080078125,15824.490234375,16331.07421875,NA,NA,NA,NA,2021-01-08,6.370788574199992,347.298828125,NA,NA,愛知県
JP-23,AICHI,2021-01-13,20191.1171875,19640.29296875,21646.603515625,285.3340148926,283.2913818359,333.6768798828,3560.8317871094,3320.3508300781,4609.1015625,16293.6162109375,16003.0595703125,16614.8984375,NA,NA,NA,NA,2021-01-08,6.602905273500028,349.947265625,NA,NA,愛知県
JP-23,AICHI,2021-01-14,20525.181640625,19883.865234375,22226.140625,292.1922302246,289.800201416,348.828338623,3655.806640625,3373.0158691406,4887.9174804688,16529.515625,16192.2724609375,16901.79296875,NA,NA,NA,NA,2021-01-08,6.858215331999986,334.064453125,NA,NA,愛知県
JP-23,AICHI,2021-01-15,20876.275390625,20147.203125,22816.541015625,299.2500915527,296.5239257812,363.8209838867,3757.9299316406,3433.9138183594,5168.7290039062,16770.712890625,16389.767578125,17190.486328125,NA,NA,NA,NA,2021-01-08,7.057861328099989,351.09375,NA,NA,愛知県
JP-23,AICHI,2021-01-16,21216.5,20406.859375,23376.09765625,306.575012207,303.5272216797,378.7807006836,3846.4033203125,3483.9450683594,5423.3046875,17017.65234375,16595.67578125,17481.451171875,NA,NA,NA,NA,2021-01-08,7.324920654300001,340.224609375,NA,NA,愛知県
JP-23,AICHI,2021-01-17,21561.0859375,20674.654296875,23929.5859375,314.1268310547,310.7683410645,393.7001953125,3932.8176269531,3533.7761230469,5667.4516601562,17269.02734375,16808.45703125,17773.9453125,NA,NA,NA,NA,2021-01-08,7.551818847700019,344.5859375,NA,NA,愛知県
JP-23,AICHI,2021-01-18,21888.8671875,20933.1640625,24443.33984375,321.9335327148,318.274017334,408.6405029297,4000.2321777344,3568.2309570312,5876.5107421875,17524.974609375,17028.017578125,18067.923828125,NA,NA,NA,NA,2021-01-08,7.806701660099975,327.78125,NA,NA,愛知県
JP-23,AICHI,2021-01-19,22209.607421875,21189.45703125,24934.697265625,329.895690918,325.9443359375,423.5081176758,4055.4594726562,3593.5932617188,6059.75,17784.828125,17253.482421875,18363.716796875,NA,NA,NA,NA,2021-01-08,7.962158203200033,320.740234375,NA,NA,愛知県
JP-23,AICHI,2021-01-20,22500.314453125,21424.46484375,25367.740234375,338.0267944336,333.7917480469,438.3432922363,4081.1384277344,3594.6245117188,6190.5581054688,18046.310546875,17482.45703125,18659.380859375,NA,NA,NA,NA,2021-01-08,8.131103515599989,290.70703125,NA,NA,愛知県
JP-23,AICHI,2021-01-21,22797.126953125,21666.716796875,25802.546875,346.2276000977,341.7171936035,453.0373840332,4107.7998046875,3598.3706054688,6314.7426757812,18308.65234375,17714.01953125,18954.48046875,NA,NA,NA,NA,2021-01-08,8.200805664100017,296.8125,NA,NA,愛知県
JP-23,AICHI,2021-01-22,23100.822265625,21918.443359375,26237.14453125,354.5434570312,349.7659301758,467.652130127,4140.1879882812,3608.7846679688,6440.4174804688,18571.8984375,17948.1171875,19247.83984375,NA,NA,NA,NA,2021-01-08,8.315856933499958,303.6953125,NA,NA,愛知県
JP-23,AICHI,2021-01-23,23398.15234375,22168.482421875,26653.697265625,363.0035705566,357.9643249512,482.2673034668,4166.3334960938,3615.2897949219,6549.9575195312,18836.1328125,18184.609375,19542.5078125,NA,NA,NA,NA,2021-01-08,8.460113525400004,297.330078125,NA,NA,愛知県
JP-23,AICHI,2021-01-24,23678.037109375,22407.09375,27033.41015625,371.5955200195,366.3011474609,496.8653869629,4175.5966796875,3608.5991210938,6626.625,19100.8671875,18422.9765625,19836.396484375,NA,NA,NA,NA,2021-01-08,8.591949462900004,279.884765625,NA,NA,愛知県
JP-23,AICHI,2021-01-25,23944.275390625,22636.4296875,27385.400390625,380.2905578613,374.7465209961,511.4319458008,4171.2924804688,3591.6079101562,6675.6831054688,19364.9921875,18661.99609375,20129.44921875,NA,NA,NA,NA,2021-01-08,8.695037841800001,266.23828125,NA,NA,愛知県
JP-23,AICHI,2021-01-26,24206.037109375,22863.95703125,27723.25,389.0170593262,383.2308349609,525.8666992188,4162.0771484375,3571.7175292969,6711.0581054688,19628.58984375,18901.6953125,20420.05859375,NA,NA,NA,NA,2021-01-08,8.726501464900025,261.76171875,NA,NA,愛知県
JP-23,AICHI,2021-01-27,24463.71875,23089.935546875,28049.435546875,397.8009643555,391.7781066895,540.2236328125,4150.8588867188,3551.3374023438,6737.958984375,19889.76953125,19140.12109375,20706.99609375,NA,NA,NA,NA,2021-01-08,8.783905029300001,257.681640625,NA,NA,愛知県
JP-23,AICHI,2021-01-28,24719.533203125,23316.337890625,28367.896484375,406.6168518066,400.3645019531,554.4745483398,4138.7495117188,3531.3212890625,6758.7197265625,20149.806640625,19378.478515625,20992.232421875,NA,NA,NA,NA,2021-01-08,8.815887451099968,255.814453125,NA,NA,愛知県
JP-23,AICHI,2021-01-29,24979.498046875,23547.7734375,28691.796875,415.4685058594,408.9922485352,568.6500244141,4131.7924804688,3516.73046875,6783.8671875,20408.21484375,19616.20703125,21277.16015625,NA,NA,NA,NA,2021-01-08,8.85165405280003,259.96484375,NA,NA,愛知県
JP-23,AICHI,2021-01-30,25223.759765625,23768.490234375,28981.73046875,424.3874816895,417.6934204102,582.7693481445,4112.30078125,3492.3630371094,6784.4453125,20665.060546875,19853.283203125,21557.171875,NA,NA,NA,NA,2021-01-08,8.91897583010001,244.26171875,NA,NA,愛知県
JP-23,AICHI,2021-01-31,25471.4140625,23992.384765625,29275.337890625,433.3453369141,426.4381713867,596.8190307617,4096.9775390625,3472.3732910156,6788.3676757812,20919.3515625,20088.66796875,21833.140625,NA,NA,NA,NA,2021-01-08,8.957855224599996,247.654296875,NA,NA,愛知県
JP-23,AICHI,2021-02-01,25713.375,24213.25,29554.099609375,442.3785400391,435.2627258301,610.84765625,4078.6489257812,3450.5749511719,6784.076171875,21171.705078125,20322.908203125,22104.720703125,NA,NA,NA,NA,2021-01-08,9.033203125,241.9609375,NA,NA,愛知県
JP-23,AICHI,2021-02-02,25960.271484375,24438.919921875,29839.205078125,451.4228515625,444.1020812988,624.7927246094,4065.6557617188,3433.9653320312,6785.880859375,21422.78125,20556.537109375,22374.396484375,NA,NA,NA,NA,2021-01-08,9.044311523399983,246.896484375,NA,NA,愛知県
JP-23,AICHI,2021-02-03,26216.0625,24672.716796875,30137.390625,460.5250244141,453.003112793,638.7169799805,4063.5412597656,3427.1208496094,6803.3876953125,21671.337890625,20788.349609375,22640.2421875,NA,NA,NA,NA,2021-01-08,9.102172851600017,255.791015625,NA,NA,愛知県
JP-23,AICHI,2021-02-04,26471.5859375,24907.841796875,30432.015625,469.6888122559,461.9674987793,652.642578125,4062.3942871094,3421.6030273438,6820.4208984375,21919.474609375,21020.267578125,22905.361328125,NA,NA,NA,NA,2021-01-08,9.163787841800001,255.5234375,NA,NA,愛知県
JP-23,AICHI,2021-02-05,26733.59765625,25148.890625,30735.298828125,478.913269043,470.9938354492,666.5673828125,4068.0158691406,3422.2277832031,6846.9067382812,22166.71875,21251.779296875,23168.23828125,NA,NA,NA,NA,2021-01-08,9.224456787099996,262.01171875,NA,NA,愛知県
JP-24,MIE,2021-01-09,1496.8825683594,1486.9187011719,1522.0570068359,21.5170860291,21.4794692993,22.4023475647,235.5483398438,231.6891021729,252.4387817383,1231.6724853516,1226.2917480469,1237.6102294922,NA,NA,NA,NA,2021-01-08,0.5170860290999997,25.88256835940001,NA,NA,三重県
JP-24,MIE,2021-01-10,1517.7292480469,1498.2952880859,1567.3679199219,22.0829105377,22.0092945099,23.8124103546,245.8838806152,238.2190551758,279.4224243164,1241.0908203125,1230.7850341797,1252.5089111328,NA,NA,NA,NA,2021-01-08,0.5658245085999987,20.8466796875,NA,NA,三重県
JP-24,MIE,2021-01-11,1537.7586669922,1509.5051269531,1610.6470947266,22.678314209,22.5703315735,25.2142734528,255.5974578857,244.2174377441,305.3694152832,1250.9519042969,1236.1396484375,1267.3918457031,NA,NA,NA,NA,2021-01-08,0.5954036713000015,20.029418945299994,NA,NA,三重県
JP-24,MIE,2021-01-12,1557.3214111328,1520.8482666016,1652.0511474609,23.2963428497,23.1555480957,26.6044902802,264.4814453125,249.5157623291,329.8764343262,1261.2138671875,1242.2733154297,1282.1109619141,NA,NA,NA,NA,2021-01-08,0.6180286407000004,19.56274414059999,NA,NA,三重県
JP-24,MIE,2021-01-13,1576.5446777344,1532.3845214844,1691.9880371094,23.9366168976,23.7639808655,27.9903106689,272.676940918,254.2771148682,353.0085144043,1271.7398681641,1248.9990234375,1296.7924804688,NA,NA,NA,NA,2021-01-08,0.6402740479000002,19.223266601600017,NA,NA,三重県
JP-24,MIE,2021-01-14,1596.1672363281,1544.7177734375,1731.5068359375,24.5961685181,24.392660141,29.3700656891,280.7002258301,258.9990234375,375.3739013672,1282.5815429688,1256.3364257812,1311.5233154297,NA,NA,NA,NA,2021-01-08,0.6595516205000003,19.622558593699978,NA,NA,三重県
JP-24,MIE,2021-01-15,1619.8486328125,1560.7955322266,1776.2126464844,25.2758102417,25.042432785,30.7455024719,291.2760620117,266.1750488281,400.71875,1293.7196044922,1264.2418212891,1326.2387695312,NA,NA,NA,NA,2021-01-08,0.6796417235999996,23.68139648440001,NA,NA,三重県
JP-24,MIE,2021-01-16,1643.6264648438,1577.5989990234,1819.7099609375,25.9866676331,25.7245368958,32.1298408508,302.3643493652,273.8900146484,426.4405212402,1305.2738037109,1272.8131103516,1340.9630126953,NA,NA,NA,NA,2021-01-08,0.7108573914000011,23.777832031300022,NA,NA,三重県
JP-24,MIE,2021-01-17,1670.0891113281,1596.9442138672,1866.5311279297,26.728017807,26.4380092621,33.5265808105,315.1678466797,283.2167663574,454.3226928711,1317.2456054688,1282.0213623047,1355.7651367188,NA,NA,NA,NA,2021-01-08,0.741350173899999,26.462646484299967,NA,NA,三重県
JP-24,MIE,2021-01-18,1696.4554443359,1616.7867431641,1912.1892089844,27.5068264008,27.1894512177,34.9490280151,328.0567932129,292.6711120605,482.1230773926,1329.6958007812,1291.8995361328,1370.916015625,NA,NA,NA,NA,2021-01-08,0.7788085938000009,26.366333007799994,NA,NA,三重県
JP-24,MIE,2021-01-19,1726.1096191406,1639.4829101562,1962.5798339844,28.3169212341,27.9726543427,36.3914909363,342.8573608398,303.8734741211,512.5577392578,1342.6911621094,1302.4919433594,1386.4133300781,NA,NA,NA,NA,2021-01-08,0.8100948332999991,29.654174804700006,NA,NA,三重県
JP-24,MIE,2021-01-20,1753.0969238281,1660.8419189453,2007.02734375,29.1677474976,28.7970199585,37.8672065735,355.9954528809,313.644317627,540.3089599609,1356.2427978516,1313.7960205078,1402.2169189453,NA,NA,NA,NA,2021-01-08,0.8508262635000001,26.9873046875,NA,NA,三重県
JP-24,MIE,2021-01-21,1780.1779785156,1682.4016113281,2051.0205078125,30.0478000641,29.6510887146,39.3633499146,368.2670593262,322.7080078125,566.4771728516,1370.3360595703,1325.7786865234,1418.3431396484,NA,NA,NA,NA,2021-01-08,0.8800525664999981,27.0810546875,NA,NA,三重県
JP-24,MIE,2021-01-22,1805.9876708984,1703.2873535156,2091.9462890625,30.9566440582,30.5343475342,40.8809738159,379.0707092285,330.5502624512,590.0712890625,1384.8994140625,1338.3537597656,1434.7429199219,NA,NA,NA,NA,2021-01-08,0.9088439940999997,25.809692382799994,NA,NA,三重県
JP-24,MIE,2021-01-23,1829.6013183594,1722.7219238281,2128.3874511719,31.8913059235,31.4436378479,42.4188766479,387.5846557617,336.4735717773,609.7360839844,1399.8660888672,1351.4387207031,1451.4664306641,NA,NA,NA,NA,2021-01-08,0.9346618653000007,23.613647461000028,NA,NA,三重県
JP-24,MIE,2021-01-24,1851.9493408203,1741.2320556641,2162.3625488281,32.8465499878,32.3735389709,43.9729614258,394.3421936035,340.9605102539,626.2415161133,1415.1271972656,1364.9091796875,1468.5402832031,NA,NA,NA,NA,2021-01-08,0.955244064300004,22.348022460899983,NA,NA,三重県
JP-24,MIE,2021-01-25,1873.2746582031,1759.0452880859,2194.0859375,33.8202133179,33.3221473694,45.5389099121,399.7029418945,344.3307800293,640.103515625,1430.6214599609,1378.7060546875,1485.7692871094,NA,NA,NA,NA,2021-01-08,0.9736633300999955,21.325317382799994,NA,NA,三重県
JP-24,MIE,2021-01-26,1894.0045166016,1776.5162353516,2224.224609375,34.804271698,34.2815093994,47.1068153381,404.0559387207,346.9236450195,651.9309692383,1446.3963623047,1392.8636474609,1503.2025146484,NA,NA,NA,NA,2021-01-08,0.9840583801000022,20.729858398500028,NA,NA,三重県
JP-24,MIE,2021-01-27,1913.4490966797,1793.1690673828,2251.55859375,35.7995758057,35.2524414062,48.6783561707,407.1524047852,348.5270080566,661.3213500977,1462.2645263672,1407.1932373047,1520.6512451172,NA,NA,NA,NA,2021-01-08,0.9953041077000009,19.44458007809999,NA,NA,三重県
JP-24,MIE,2021-01-28,1931.2064208984,1808.6912841797,2275.6774902344,36.7999992371,36.2286376953,50.2489738464,408.569519043,348.7849121094,667.6114501953,1478.3056640625,1421.7556152344,1538.5112304688,NA,NA,NA,NA,2021-01-08,1.0004234314000016,17.757324218699978,NA,NA,三重県
JP-24,MIE,2021-01-29,1947.8419189453,1823.3474121094,2297.7844238281,37.8013877869,37.206073761,51.8125114441,408.685760498,348.0216064453,671.4039916992,1494.3776855469,1436.4113769531,1556.5334472656,NA,NA,NA,NA,2021-01-08,1.001388549799998,16.63549804690001,NA,NA,三重県
JP-24,MIE,2021-01-30,1963.0493164062,1836.9404296875,2317.0615234375,38.8026885986,38.1839141846,53.3653259277,407.4364624023,346.179107666,672.5747070312,1510.3764648438,1451.0620117188,1574.3680419922,NA,NA,NA,NA,2021-01-08,1.0013008116999984,15.207397460899983,NA,NA,三重県
JP-24,MIE,2021-01-31,1978.6719970703,1850.6859130859,2337.0693359375,39.8019638062,39.1604385376,54.9035797119,406.1817626953,344.4100036621,673.3829956055,1526.2474365234,1465.6525878906,1591.8988037109,NA,NA,NA,NA,2021-01-08,0.9992752076000002,15.622680664100017,NA,NA,三重県
JP-24,MIE,2021-02-01,1997.0222167969,1866.322265625,2362.2338867188,40.8024902344,40.1384124756,56.4355964661,406.9064331055,344.3904418945,677.1910400391,1542.0134277344,1480.1888427734,1609.3590087891,NA,NA,NA,NA,2021-01-08,1.000526428199997,18.350219726600017,NA,NA,三重県
JP-24,MIE,2021-02-02,2017.6988525391,1884.0103759766,2391.1330566406,41.8065757751,41.1200714111,57.965877533,409.7893371582,346.2590637207,684.3739624023,1557.8955078125,1494.8780517578,1627.0396728516,NA,NA,NA,NA,2021-01-08,1.0040855407000038,20.676635742200006,NA,NA,三重県
JP-24,MIE,2021-02-03,2039.2602539062,1902.8107910156,2420.931640625,42.8225402832,42.1137466431,59.5054664612,413.8905639648,349.2100830078,693.4122924805,1573.8397216797,1509.6727294922,1644.8297119141,NA,NA,NA,NA,2021-01-08,1.015964508099998,21.56140136709996,NA,NA,三重県
JP-24,MIE,2021-02-04,2060.5439453125,1921.8094482422,2449.0405273438,43.8491439819,43.1185722351,61.0480804443,417.9641418457,352.1787719727,702.206237793,1590.0146484375,1524.7381591797,1662.4844970703,NA,NA,NA,NA,2021-01-08,1.0266036987000007,21.283691406300022,NA,NA,三重県
JP-24,MIE,2021-02-05,2080.4184570312,1940.0360107422,2473.6704101562,44.8851089478,44.133140564,62.5933914185,420.9235534668,354.2459716797,708.9431152344,1606.3715820312,1540.0185546875,1680.0258789062,NA,NA,NA,NA,2021-01-08,1.0359649658999999,19.874511718699978,NA,NA,三重県
JP-25,SHIGA,2021-01-09,1502.9989013672,1491.0875244141,1537.7097167969,15.3632249832,15.3360443115,16.0017185211,375.4870910645,369.3336791992,402.3786621094,1101.1685791016,1096.3664550781,1106.3763427734,NA,NA,NA,NA,2021-01-08,0.3632249832000003,38.998901367200006,NA,NA,滋賀県
JP-25,SHIGA,2021-01-10,1540.6447753906,1516.8458251953,1610.5487060547,15.7737369537,15.7207393646,17.0194950104,398.366607666,385.9473876953,452.6331481934,1113.3630371094,1104.1419677734,1123.2767333984,NA,NA,NA,NA,2021-01-08,0.4105119705,37.64587402339998,NA,NA,滋賀県
JP-25,SHIGA,2021-01-11,1577.4185791016,1542.2237548828,1681.8883056641,16.2167434692,16.1390991211,18.0430488586,421.4279785156,402.6663208008,503.3881530762,1126.4039306641,1113.1029052734,1140.5969238281,NA,NA,NA,NA,2021-01-08,0.4430065155000005,36.77380371100003,NA,NA,滋賀県
JP-25,SHIGA,2021-01-12,1614.3182373047,1568.1353759766,1752.7568359375,16.6845874786,16.583234787,19.069694519,443.9892883301,418.877532959,553.6585693359,1140.2321777344,1123.1518554688,1158.3610839844,NA,NA,NA,NA,2021-01-08,0.46784400940000026,36.89965820309999,NA,NA,滋賀県
JP-25,SHIGA,2021-01-13,1651.4012451172,1594.5948486328,1823.1492919922,17.1779899597,17.0537605286,20.1026325226,466.0484924316,434.6253967285,603.2292480469,1154.6649169922,1134.0749511719,1176.4117431641,NA,NA,NA,NA,2021-01-08,0.4934024810999986,37.0830078125,NA,NA,滋賀県
JP-25,SHIGA,2021-01-14,1691.0179443359,1623.5806884766,1896.3969726562,17.6950950623,17.5487670898,21.1415748596,489.2676391602,451.4790649414,654.1469726562,1169.8057861328,1145.9427490234,1194.9226074219,NA,NA,NA,NA,2021-01-08,0.5171051025999986,39.61669921869998,NA,NA,滋賀県
JP-25,SHIGA,2021-01-15,1738.8249511719,1659.7669677734,1981.1746826172,18.2387943268,18.0709228516,22.193944931,518.2423095703,473.6326904297,712.8062133789,1185.6437988281,1158.7186279297,1213.9110107422,NA,NA,NA,NA,2021-01-08,0.5436992645000025,47.80700683600003,NA,NA,滋賀県
JP-25,SHIGA,2021-01-16,1790.7281494141,1700.0329589844,2071.1879882812,18.8208618164,18.6318264008,23.2758464813,551.0169067383,499.1978149414,776.9826660156,1202.4035644531,1172.5970458984,1233.650390625,NA,NA,NA,NA,2021-01-08,0.5820674896,51.903198242200006,NA,NA,滋賀県
JP-25,SHIGA,2021-01-17,1848.31640625,1745.482421875,2169.3041992188,19.4443035126,19.2342414856,24.3952407837,588.1994628906,528.6668701172,847.7947387695,1220.2174072266,1187.6838378906,1254.3122558594,NA,NA,NA,NA,2021-01-08,0.6234416962000005,57.58825683589998,NA,NA,滋賀県
JP-25,SHIGA,2021-01-18,1904.5855712891,1790.7080078125,2263.9790039062,20.1156044006,19.884475708,25.5628395081,624.7144775391,557.4526977539,918.016418457,1239.2392578125,1204.1082763672,1276.0670166016,NA,NA,NA,NA,2021-01-08,0.6713008879999975,56.26916503910002,NA,NA,滋賀県
JP-25,SHIGA,2021-01-19,1959.6304931641,1835.3601074219,2355.9077148438,20.8252506256,20.5730342865,26.7692565918,659.2236938477,584.4131469727,985.4637451172,1259.5291748047,1221.9104003906,1299.1086425781,NA,NA,NA,NA,2021-01-08,0.7096462250000002,55.044921875,NA,NA,滋賀県
JP-25,SHIGA,2021-01-20,2009.2690429688,1876.0844726562,2437.98046875,21.5721378326,21.2987594604,28.0142326355,688.4780273438,606.7344360352,1044.921875,1280.7624511719,1240.7576904297,1322.9986572266,NA,NA,NA,NA,2021-01-08,0.7468872070000003,49.638549804700006,NA,NA,滋賀県
JP-25,SHIGA,2021-01-21,2058.3000488281,1916.177734375,2518.7194824219,22.3454933167,22.0509757996,29.2849788666,715.1624145508,626.8614501953,1100.1164550781,1302.9555664062,1260.6520996094,1347.7894287109,NA,NA,NA,NA,2021-01-08,0.7733554841000014,49.03100585929997,NA,NA,滋賀県
JP-25,SHIGA,2021-01-22,2105.45703125,1955.0380859375,2595.5561523438,23.1456222534,22.8299541473,30.5834999084,739.2189941406,644.787109375,1150.8143310547,1325.9738769531,1281.4522705078,1373.5289306641,NA,NA,NA,NA,2021-01-08,0.8001289366999984,47.15698242190001,NA,NA,滋賀県
JP-25,SHIGA,2021-01-23,2151.705078125,1993.2788085938,2670.2934570312,23.9710254669,23.6341781616,31.9085388184,761.3081665039,661.116394043,1197.9152832031,1349.6928710938,1303.0255126953,1400.0764160156,NA,NA,NA,NA,2021-01-08,0.8254032134999996,46.248046875,NA,NA,滋賀県
JP-25,SHIGA,2021-01-24,2198.166015625,2031.8522949219,2745.4323730469,24.821937561,24.4638271332,33.2639350891,782.600402832,676.8974609375,1243.3161621094,1374.0368652344,1325.291015625,1427.9163818359,NA,NA,NA,NA,2021-01-08,0.8509120940999999,46.4609375,NA,NA,滋賀県
JP-25,SHIGA,2021-01-25,2246.7102050781,2072.2060546875,2823.2175292969,25.6999778748,25.3205032349,34.6486244202,804.7427368164,693.5315551758,1289.5,1399.0333251953,1348.2623291016,1456.2802734375,NA,NA,NA,NA,2021-01-08,0.8780403137999997,48.54418945309999,NA,NA,滋賀県
JP-25,SHIGA,2021-01-26,2296.4169921875,2113.9528808594,2901.3295898438,26.6023006439,26.2014141083,36.0580177307,827.365234375,710.6879272461,1335.8974609375,1424.8752441406,1372.1204833984,1485.2250976562,NA,NA,NA,NA,2021-01-08,0.9023227691000031,49.70678710940001,NA,NA,滋賀県
JP-25,SHIGA,2021-01-27,2346.1516113281,2156.1520996094,2978.4343261719,27.5320243835,27.1095924377,37.4987945557,849.6801757812,727.6948852539,1381.3391113281,1451.3055419922,1396.6115722656,1514.8336181641,NA,NA,NA,NA,2021-01-08,0.9297237396,49.73461914059999,NA,NA,滋賀県
JP-25,SHIGA,2021-01-28,2392.3215332031,2196.2629394531,3047.4477539062,28.4851894379,28.0410900116,38.9651908875,868.7052001953,741.9928588867,1420.912109375,1478.5808105469,1421.9747314453,1545.1657714844,NA,NA,NA,NA,2021-01-08,0.9531650543999994,46.169921875,NA,NA,滋賀県
JP-25,SHIGA,2021-01-29,2437.6164550781,2235.5588378906,3114.2263183594,29.4556808472,28.9899139404,40.4477386475,885.7539672852,754.7105102539,1456.6723632812,1506.3895263672,1447.9084472656,1575.7242431641,NA,NA,NA,NA,2021-01-08,0.9704914092999992,45.294921875,NA,NA,滋賀県
JP-25,SHIGA,2021-01-30,2479.4758300781,2272.4421386719,3173.9538574219,30.4447154999,29.9569797516,41.950881958,899.3984375,764.6412963867,1486.2897949219,1534.6103515625,1474.2800292969,1606.6140136719,NA,NA,NA,NA,2021-01-08,0.9890346526999991,41.859375,NA,NA,滋賀県
JP-25,SHIGA,2021-01-31,2522.9624023438,2310.1472167969,3235.7434082031,31.4488811493,30.9393730164,43.4626693726,913.1413574219,774.7462158203,1515.37890625,1563.1043701172,1500.9716796875,1636.8952636719,NA,NA,NA,NA,2021-01-08,1.0041656494000009,43.48657226570003,NA,NA,滋賀県
JP-25,SHIGA,2021-02-01,2573.5471191406,2352.9814453125,3310.6535644531,32.4736099243,31.9419059753,45.0004348755,931.8709716797,789.1920166016,1552.3811035156,1591.9506835938,1528.0325927734,1667.7998046875,NA,NA,NA,NA,2021-01-08,1.0247287749999998,50.58471679679997,NA,NA,滋賀県
JP-25,SHIGA,2021-02-02,2627.6416015625,2399.4287109375,3390.0573730469,33.5227966309,32.9687080383,46.5677680969,953.9737548828,806.5845947266,1594.6923828125,1621.5830078125,1555.8880615234,1699.6156005859,NA,NA,NA,NA,2021-01-08,1.049186706599997,54.09448242190001,NA,NA,滋賀県
JP-25,SHIGA,2021-02-03,2686.08984375,2449.6616210938,3475.9050292969,34.6018180847,34.0251121521,48.1700057983,979.6981201172,827.1073608398,1642.740234375,1651.8013916016,1584.3447265625,1731.7878417969,NA,NA,NA,NA,2021-01-08,1.079021453800003,58.4482421875,NA,NA,滋賀県
JP-25,SHIGA,2021-02-04,2740.3740234375,2498.0871582031,3552.3461914062,35.711769104,35.1118164062,49.8161277771,1002.5859375,845.321105957,1685.9088134766,1682.9877929688,1613.7535400391,1765.6008300781,NA,NA,NA,NA,2021-01-08,1.1099510192999986,54.2841796875,NA,NA,滋賀県
JP-25,SHIGA,2021-02-05,2794.63671875,2546.3181152344,3628.8540039062,36.8436470032,36.2202339172,51.4905548096,1024.1450195312,862.4868164062,1726.6271972656,1714.8670654297,1643.8587646484,1800.3515625,NA,NA,NA,NA,2021-01-08,1.1318778991999991,54.2626953125,NA,NA,滋賀県
JP-26,KYOTO,2021-01-09,5703.8876953125,5662.9638671875,5820.34375,70.4146881104,70.2886505127,73.3753356934,1180.7147216797,1161.2399902344,1265.1447753906,4429.9208984375,4410.53515625,4454.8828125,NA,NA,NA,NA,2021-01-08,1.414688110399993,185.8876953125,NA,NA,京都府
JP-26,KYOTO,2021-01-10,5836.6284179688,5756.2084960938,6067.6171875,72.0264511108,71.7819137573,77.7770385742,1244.6228027344,1205.5969238281,1414.0061035156,4496.5620117188,4459.1796875,4544.4365234375,NA,NA,NA,NA,2021-01-08,1.6117630004000034,132.74072265630002,NA,NA,京都府
JP-26,KYOTO,2021-01-11,5976.1870117188,5857.435546875,6319.9931640625,73.7415847778,73.3854522705,82.1270904541,1311.3399658203,1252.6579589844,1566.2321777344,4566.767578125,4512.63671875,4635.4775390625,NA,NA,NA,NA,2021-01-08,1.7151336670000035,139.55859375,NA,NA,京都府
JP-26,KYOTO,2021-01-12,6087.7055664062,5934.9130859375,6532.2265625,75.5560302734,75.0942001343,86.4381332397,1351.5327148438,1274.7095947266,1685.2357177734,4641.0390625,4571.2470703125,4728.9116210938,NA,NA,NA,NA,2021-01-08,1.8144454955999976,111.51855468739996,NA,NA,京都府
JP-26,KYOTO,2021-01-13,6200.0361328125,6014.4091796875,6740.63671875,77.4100875854,76.8481292725,90.6616592407,1386.6566162109,1292.7221679688,1794.6967773438,4716.7514648438,4632.3115234375,4821.9653320312,NA,NA,NA,NA,2021-01-08,1.854057312000009,112.33056640630002,NA,NA,京都府
JP-26,KYOTO,2021-01-14,6299.5776367188,6084.6508789062,6925.462890625,79.3125457764,78.6549301147,94.827796936,1408.9334716797,1299.640625,1883.658203125,4794.294921875,4696.109375,4915.6508789062,NA,NA,NA,NA,2021-01-08,1.9024581909999938,99.54150390630002,NA,NA,京都府
JP-26,KYOTO,2021-01-15,6418.9443359375,6173.3891601562,7133.7783203125,81.2377090454,80.4888839722,98.9125442505,1445.1843261719,1320.2720947266,1987.6876220703,4872.6694335938,4761.5864257812,5008.7973632812,NA,NA,NA,NA,2021-01-08,1.9251632689999951,119.36669921869998,NA,NA,京都府
JP-26,KYOTO,2021-01-16,6540.1494140625,6266.1586914062,7338.6923828125,83.2342376709,82.3978424072,102.9852218628,1483.6505126953,1343.5626220703,2091.9880371094,4952.974609375,4829.736328125,5102.7705078125,NA,NA,NA,NA,2021-01-08,1.9965286255000052,121.205078125,NA,NA,京都府
JP-26,KYOTO,2021-01-17,6672.0444335938,6369.5478515625,7555.478515625,85.2953720093,84.3743515015,107.051574707,1529.7531738281,1374.3002929688,2204.7438964844,5035.109375,4900.3803710938,5197.845703125,NA,NA,NA,NA,2021-01-08,2.061134338399995,131.89501953130002,NA,NA,京都府
JP-26,KYOTO,2021-01-18,6820.2504882812,6488.3828125,7792.7954101562,87.4416275024,86.4384689331,111.1434402466,1588.7747802734,1417.0270996094,2334.484375,5119.619140625,4973.9970703125,5294.3681640625,NA,NA,NA,NA,2021-01-08,2.1462554931,148.20605468739996,NA,NA,京都府
JP-26,KYOTO,2021-01-19,6968.9086914062,6609.9614257812,8025.0078125,89.6833267212,88.6005554199,115.2788391113,1647.1053466797,1459.4389648438,2461.8918457031,5207.7158203125,5051.7124023438,5393.5634765625,NA,NA,NA,NA,2021-01-08,2.241699218800008,148.658203125,NA,NA,京都府
JP-26,KYOTO,2021-01-20,7119.7358398438,6734.51171875,8257.2880859375,92.0137329102,90.8528747559,119.4643096924,1704.5533447266,1501.3854980469,2586.6469726562,5298.5678710938,5132.6235351562,5495.1088867188,NA,NA,NA,NA,2021-01-08,2.3304061890000014,150.82714843760004,NA,NA,京都府
JP-26,KYOTO,2021-01-21,7259.97265625,6851.9482421875,8467.9111328125,94.4261856079,93.1887512207,123.696395874,1750.0521240234,1533.1724853516,2691.6235351562,5392.6953125,5217.1875,5599.4936523438,NA,NA,NA,NA,2021-01-08,2.4124526976999903,140.23681640619998,NA,NA,京都府
JP-26,KYOTO,2021-01-22,7394.4516601562,6965.2431640625,8666.2666015625,96.8950881958,95.5826416016,127.9474029541,1786.8286132812,1557.7548828125,2781.1875,5489.1245117188,5304.416015625,5705.8447265625,NA,NA,NA,NA,2021-01-08,2.468902587900004,134.47900390619998,NA,NA,京都府
JP-26,KYOTO,2021-01-23,7513.142578125,7066.6567382812,8835.0009765625,99.4168243408,98.03074646,132.2174072266,1807.3336181641,1568.6469726562,2843.09375,5587.3120117188,5393.7392578125,5813.6201171875,NA,NA,NA,NA,2021-01-08,2.5217361450000055,118.69091796880002,NA,NA,京都府
JP-26,KYOTO,2021-01-24,7627.0004882812,7164.1376953125,8993.86328125,101.9660644531,100.5079421997,136.4762420654,1820.7100830078,1573.8900146484,2891.2700195312,5686.2397460938,5484.1455078125,5921.7915039062,NA,NA,NA,NA,2021-01-08,2.549240112299998,113.85791015619998,NA,NA,京都府
JP-26,KYOTO,2021-01-25,7734.1850585938,7256.9624023438,9138.529296875,104.5460586548,103.0173950195,140.7299194336,1827.0544433594,1573.5870361328,2925.7797851562,5785.6884765625,5575.3994140625,6030.052734375,NA,NA,NA,NA,2021-01-08,2.5799942017000035,107.18457031260004,NA,NA,京都府
JP-26,KYOTO,2021-01-26,7842.7329101562,7351.2900390625,9286.265625,107.1312484741,105.5330581665,144.9626922607,1833.1121826172,1573.5894775391,2957.8022460938,5885.6772460938,5667.4711914062,6141.2514648438,NA,NA,NA,NA,2021-01-08,2.5851898192999982,108.54785156239996,NA,NA,京都府
JP-26,KYOTO,2021-01-27,7951.65234375,7446.6557617188,9431.92578125,109.7358169556,108.0695114136,149.1805419922,1839.6520996094,1574.4658203125,2988.4875488281,5985.4916992188,5759.6484375,6251.6650390625,NA,NA,NA,NA,2021-01-08,2.604568481499996,108.91943359380002,NA,NA,京都府
JP-26,KYOTO,2021-01-28,8057.7172851562,7540.6860351562,9569.6064453125,112.3528213501,110.6199035645,153.3760986328,1843.3719482422,1573.361328125,3012.6618652344,6085.81640625,5852.5766601562,6362.1079101562,NA,NA,NA,NA,2021-01-08,2.6170043945000003,106.06494140619998,NA,NA,京都府
JP-26,KYOTO,2021-01-29,8163.259765625,7634.767578125,9704.3662109375,114.9766540527,113.1786956787,157.5429534912,1846.169921875,1571.8747558594,3033.5603027344,6186.2099609375,5945.8193359375,6472.1611328125,NA,NA,NA,NA,2021-01-08,2.623832702599998,105.54248046880002,NA,NA,京都府
JP-26,KYOTO,2021-01-30,8264.068359375,7725.59765625,9830.7568359375,117.6128234863,115.7484054565,161.7120666504,1844.8052978516,1567.2335205078,3046.1689453125,6286.4658203125,6039.03515625,6583.3442382812,NA,NA,NA,NA,2021-01-08,2.6361694336000028,100.80859375,NA,NA,京都府
JP-26,KYOTO,2021-01-31,8368.12109375,7819.0634765625,9961.6796875,120.2564697266,118.3269271851,165.8581848145,1845.9945068359,1565.1062011719,3061.4973144531,6386.328125,6132.0927734375,6693.5961914062,NA,NA,NA,NA,2021-01-08,2.6436462403000007,104.052734375,NA,NA,京都府
JP-26,KYOTO,2021-02-01,8483.4501953125,7921.8686523438,10110.537109375,122.9213867188,120.9278182983,170.0014038086,1857.3610839844,1571.9071044922,3092.4484863281,6486.0874023438,6225.267578125,6803.0668945312,NA,NA,NA,NA,2021-01-08,2.6649169921999913,115.3291015625,NA,NA,京都府
JP-26,KYOTO,2021-02-02,8610.482421875,8035.1743164062,10276.685546875,125.6127471924,123.5568389893,174.1446228027,1879.3903808594,1587.9838867188,3140.1652832031,6586.8540039062,6319.6391601562,6913.0297851562,NA,NA,NA,NA,2021-01-08,2.6913604735999996,127.0322265625,NA,NA,京都府
JP-26,KYOTO,2021-02-03,8740.724609375,8152.3022460938,10446.1748046875,128.3545227051,126.2353363037,178.3418579102,1904.8557128906,1607.1773681641,3192.9016113281,6688.447265625,6414.90234375,7024.1879882812,NA,NA,NA,NA,2021-01-08,2.7417755127000163,130.2421875,NA,NA,京都府
JP-26,KYOTO,2021-02-04,8865.4541015625,8266.1748046875,10602.990234375,131.1367492676,128.9546356201,182.5718994141,1924.5419921875,1621.6865234375,3235.185546875,6791.6186523438,6511.8286132812,7136.7104492188,NA,NA,NA,NA,2021-01-08,2.7822265625,124.7294921875,NA,NA,京都府
JP-26,KYOTO,2021-02-05,8988.9130859375,8379.1025390625,10756.2900390625,133.9447021484,131.7002716064,186.814163208,1941.4514160156,1634.0340576172,3272.0319824219,6895.740234375,6609.8232421875,7249.7587890625,NA,NA,NA,NA,2021-01-08,2.807952880800002,123.458984375,NA,NA,京都府
JP-27,OSAKA,2021-01-09,33849.5390625,33640.95703125,34371.37890625,666.9156494141,665.7700805664,694.1289672852,5095.8247070312,5012.1362304688,5460.4384765625,28067.154296875,27945.068359375,28193.642578125,NA,NA,NA,NA,2021-01-08,10.915649414100017,576.5390625,NA,NA,大阪府
JP-27,OSAKA,2021-01-10,34446.89453125,34039.09375,35483.9609375,678.859375,676.6412353516,731.5595703125,5387.2729492188,5219.0244140625,6120.7045898438,28362.541015625,28128.138671875,28607.267578125,NA,NA,NA,NA,2021-01-08,11.943725585899983,597.35546875,NA,NA,大阪府
JP-27,OSAKA,2021-01-11,35017.0625,34420.6875,36551.10546875,691.7210083008,688.4935913086,768.3950195312,5635.1186523438,5383.8344726562,6730.5112304688,28673.45703125,28335.443359375,29027.283203125,NA,NA,NA,NA,2021-01-08,12.861633300800008,570.16796875,NA,NA,大阪府
JP-27,OSAKA,2021-01-12,35578.984375,34804.3671875,37589.98828125,705.3460693359,701.1642456055,804.6650390625,5859.3403320312,5527.3935546875,7305.9643554688,28998.447265625,28564.587890625,29453.732421875,NA,NA,NA,NA,2021-01-08,13.625061035099975,561.921875,NA,NA,大阪府
JP-27,OSAKA,2021-01-13,36126.75,35184.64453125,38590.1171875,719.7425537109,714.6549682617,840.5396728516,6058.5083007812,5649.3110351562,7840.9096679688,29333.6328125,28810.984375,29882.896484375,NA,NA,NA,NA,2021-01-08,14.396484375,547.765625,NA,NA,大阪府
JP-27,OSAKA,2021-01-14,36670.390625,35570.74609375,39561.83984375,734.8299560547,728.8799438477,876.059387207,6242.1049804688,5759.1381835938,8344.4736328125,29679.341796875,29074.2421875,30315.345703125,NA,NA,NA,NA,2021-01-08,15.087402343800022,543.640625,NA,NA,大阪府
JP-27,OSAKA,2021-01-15,37248.47265625,35997.24609375,40559.0703125,750.5949707031,743.8206176758,911.3366088867,6449.5834960938,5893.357421875,8869.41015625,30033.892578125,29352.068359375,30750.47265625,NA,NA,NA,NA,2021-01-08,15.765014648399983,578.08203125,NA,NA,大阪府
JP-27,OSAKA,2021-01-16,37839.22265625,36443.7421875,41554.2890625,767.1549682617,759.5889892578,946.6231079102,6659.8657226562,6032.2124023438,9388.88671875,30398.11328125,29644.68359375,31190.326171875,NA,NA,NA,NA,2021-01-08,16.559997558600003,590.75,NA,NA,大阪府
JP-27,OSAKA,2021-01-17,38471.625,36935.1796875,42589.0859375,784.5493774414,776.2189331055,982.0723266602,6900.6723632812,6200.5356445312,9943.2451171875,30771.87890625,29951.478515625,31633.328125,NA,NA,NA,NA,2021-01-08,17.394409179700006,632.40234375,NA,NA,大阪府
JP-27,OSAKA,2021-01-18,39152.67578125,37477.1640625,43678.0078125,802.9209594727,793.8477783203,1017.9791870117,7177.8510742188,6402.9560546875,10544.078125,31156.951171875,30273.701171875,32083.5859375,NA,NA,NA,NA,2021-01-08,18.371582031300022,681.05078125,NA,NA,大阪府
JP-27,OSAKA,2021-01-19,39822.6875,38016.69140625,44732.046875,822.3027954102,812.5046386719,1054.4744873047,7429.8120117188,6584.220703125,11102.0078125,31556.716796875,30614.208984375,32544.724609375,NA,NA,NA,NA,2021-01-08,19.3818359375,670.01171875,NA,NA,大阪府
JP-27,OSAKA,2021-01-20,40503.16796875,38571.3046875,45786.83984375,842.6995239258,832.1895751953,1091.6583251953,7680.5346679688,6765.9018554688,11651.5302734375,31966.421875,30967.95703125,33012.82421875,NA,NA,NA,NA,2021-01-08,20.39672851559999,680.48046875,NA,NA,大阪府
JP-27,OSAKA,2021-01-21,41152.1015625,39104.8984375,46774.83984375,864.0979614258,852.8877563477,1129.5751953125,7887.4702148438,6910.6748046875,12127.0439453125,32388.380859375,31336.900390625,33489.890625,NA,NA,NA,NA,2021-01-08,21.3984375,648.93359375,NA,NA,大阪府
JP-27,OSAKA,2021-01-22,41810.04296875,39651.70703125,47760.4765625,886.4114379883,874.5114135742,1168.1729736328,8092.84765625,7055.8891601562,12591.962890625,32819.04296875,31717.275390625,33972.4375,NA,NA,NA,NA,2021-01-08,22.3134765625,657.94140625,NA,NA,大阪府
JP-27,OSAKA,2021-01-23,42428.73828125,40170.296875,48667.88671875,909.7208251953,897.1370239258,1207.6212158203,8251.05078125,7161.84375,12974.8369140625,33257.5390625,32107.939453125,34460.2265625,NA,NA,NA,NA,2021-01-08,23.309387206999986,618.6953125,NA,NA,大阪府
JP-27,OSAKA,2021-01-24,43063.015625,40706.84375,49586.55859375,933.951171875,920.6875610352,1247.8780517578,8417.8984375,7277.21875,13362.6884765625,33700.953125,32505.8046875,34950.9375,NA,NA,NA,NA,2021-01-08,24.230346679700006,634.27734375,NA,NA,大阪府
JP-27,OSAKA,2021-01-25,43677.05859375,41231.125,50458.21875,959.2125244141,945.2702026367,1289.1313476562,8558.69140625,7371.8930664062,13700.892578125,34149.89453125,32911.26953125,35445.16796875,NA,NA,NA,NA,2021-01-08,25.261352539100017,614.04296875,NA,NA,大阪府
JP-27,OSAKA,2021-01-26,44285.453125,41754.984375,51307.17578125,985.3325195312,970.7132568359,1331.1907958984,8686.8623046875,7457.5068359375,14010.7646484375,34604.63671875,33324.375,35943.53125,NA,NA,NA,NA,2021-01-08,26.11999511709996,608.39453125,NA,NA,大阪府
JP-27,OSAKA,2021-01-27,44882.09375,42272.67578125,52125.5703125,1012.3865966797,997.0907592773,1374.1806640625,8801.08203125,7532.8784179688,14290.3076171875,35060.66015625,33740.60546875,36440.83984375,NA,NA,NA,NA,2021-01-08,27.054077148500028,596.640625,NA,NA,大阪府
JP-27,OSAKA,2021-01-28,45474.58203125,42790.68359375,52926.69140625,1040.3015136719,1024.3288574219,1418.0466308594,8906.828125,7602.67578125,14548.8291015625,35520.0390625,34161.80859375,36940.796875,NA,NA,NA,NA,2021-01-08,27.914916992200006,592.48828125,NA,NA,大阪府
JP-27,OSAKA,2021-01-29,46088.546875,43330.27734375,53755.01953125,1069.0997314453,1052.4478759766,1462.853515625,9031.044921875,7689.791015625,14831.0869140625,35981.1875,34586.2890625,37442.42578125,NA,NA,NA,NA,2021-01-08,28.798217773399983,613.96484375,NA,NA,大阪府
JP-27,OSAKA,2021-01-30,46691.0546875,43863.5625,54555.82421875,1098.9272460938,1081.5910644531,1508.8223876953,9141.3447265625,7766.458984375,15084.57421875,36444.171875,35013.97265625,37945.1953125,NA,NA,NA,NA,2021-01-08,29.827514648500028,602.5078125,NA,NA,大阪府
JP-27,OSAKA,2021-01-31,47296.58203125,44402.19140625,55353.62109375,1129.8128662109,1111.7868652344,1556.0046386719,9252.5712890625,7845.2216796875,15334.015625,36907.96875,35443.78515625,38447.2578125,NA,NA,NA,NA,2021-01-08,30.88562011709996,605.52734375,NA,NA,大阪府
JP-27,OSAKA,2021-02-01,47878.5390625,44923.7734375,56105.63671875,1161.8455810547,1143.1206054688,1604.5639648438,9338.4365234375,7903.7158203125,15536.2412109375,37372.7109375,35875.734375,38950.1953125,NA,NA,NA,NA,2021-01-08,32.03271484380002,581.95703125,NA,NA,大阪府
JP-27,OSAKA,2021-02-02,48474.6015625,45459.66015625,56876.37109375,1194.8275146484,1175.3978271484,1654.2540283203,9435.4423828125,7972.8168945312,15752.3232421875,37839.0390625,36310.33203125,39455.74609375,NA,NA,NA,NA,2021-01-08,32.98193359369998,596.0625,NA,NA,大阪府
JP-27,OSAKA,2021-02-03,49049.3046875,45979.74609375,57609.71484375,1228.9289550781,1208.7839355469,1705.3463134766,9512.216796875,8025.9072265625,15930.3935546875,38303.44140625,36744.08984375,39961.390625,NA,NA,NA,NA,2021-01-08,34.101440429700006,574.703125,NA,NA,大阪府
JP-27,OSAKA,2021-02-04,49620.83984375,46499.11328125,58335.03515625,1264.0374755859,1243.1667480469,1757.6990966797,9584.419921875,8076.15234375,16096.81640625,38768.0234375,37178.92578125,40468.8515625,NA,NA,NA,NA,2021-01-08,35.108520507799994,571.53515625,NA,NA,大阪府
JP-27,OSAKA,2021-02-05,50194.9765625,47022.31640625,59057.484375,1300.1932373047,1278.5853271484,1811.3342285156,9659.359375,8129.5634765625,16263.7822265625,39231.3828125,37613.3828125,40971.5,NA,NA,NA,NA,2021-01-08,36.15576171880002,574.13671875,NA,NA,大阪府
JP-28,HYOGO,2021-01-09,11754.197265625,11643.640625,11976.8330078125,265.0892944336,264.6301269531,275.9653625488,665.7477416992,654.7630004883,713.2486572266,10187.79296875,10143.3017578125,10237.3369140625,NA,NA,NA,NA,2021-01-08,6.089294433600003,259.197265625,NA,NA,兵庫県
JP-28,HYOGO,2021-01-10,12017.537109375,11794.1416015625,12474.3798828125,272.1217041016,271.224395752,293.3642883301,755.9184570312,732.2540893555,858.6856079102,10291.7197265625,10206.361328125,10385.818359375,NA,NA,NA,NA,2021-01-08,7.032409668000014,263.33984375,NA,NA,兵庫県
JP-28,HYOGO,2021-01-11,12276.2958984375,11943.4658203125,12966.2578125,279.9920043945,278.6731567383,311.2018432617,850.0076293945,812.0896606445,1015.2023925781,10409.03125,10285.94921875,10543.4755859375,NA,NA,NA,NA,2021-01-08,7.8703002928999695,258.7587890625,NA,NA,兵庫県
JP-28,HYOGO,2021-01-12,12528.6337890625,12093.8896484375,13440.6259765625,288.5142211914,286.787109375,329.3706359863,944.1340942383,890.7145996094,1177.3890380859,10539.921875,10381.8369140625,10711.125,NA,NA,NA,NA,2021-01-08,8.522216796900011,252.337890625,NA,NA,兵庫県
JP-28,HYOGO,2021-01-13,12760.548828125,12237.0771484375,13869.8525390625,297.529296875,295.404876709,347.7565917969,1031.2471923828,961.7755737305,1335.0484619141,10682.8427734375,10492.0986328125,10888.201171875,NA,NA,NA,NA,2021-01-08,9.015075683600003,231.9150390625,NA,NA,兵庫県
JP-28,HYOGO,2021-01-14,12968.087890625,12371.5087890625,14243.4912109375,306.7885437012,304.2762145996,366.1278381348,1106.8302001953,1021.4989624023,1480.3256835938,10834.134765625,10612.7958984375,11071.978515625,NA,NA,NA,NA,2021-01-08,9.259246826200012,207.5390625,NA,NA,兵庫県
JP-28,HYOGO,2021-01-15,13176.591796875,12512.990234375,14605.5166015625,316.0770263672,313.1888122559,384.2375793457,1172.5008544922,1071.8063964844,1613.3854980469,10990.2939453125,10740.310546875,11258.400390625,NA,NA,NA,NA,2021-01-08,9.288482665999993,208.50390625,NA,NA,兵庫県
JP-28,HYOGO,2021-01-16,13375.9794921875,12654.732421875,14938.0546875,325.4265136719,322.1745605469,402.122833252,1227.4447021484,1112.2858886719,1731.587890625,11151.28125,10874.3984375,11447.7880859375,NA,NA,NA,NA,2021-01-08,9.349487304700006,199.3876953125,NA,NA,兵庫県
JP-28,HYOGO,2021-01-17,13578.388671875,12802.61328125,15266.2861328125,334.7818603516,331.1790161133,419.7183837891,1274.6353759766,1145.8905029297,1837.9287109375,11315.107421875,11012.9306640625,11638.36328125,NA,NA,NA,NA,2021-01-08,9.355346679700006,202.4091796875,NA,NA,兵庫県
JP-28,HYOGO,2021-01-18,13785.7490234375,12957.447265625,15594.7470703125,344.1965942383,340.2546081543,437.1029052734,1316.9241943359,1175.3470458984,1935.845703125,11481.6904296875,11155.673828125,11830.240234375,NA,NA,NA,NA,2021-01-08,9.414733886699992,207.3603515625,NA,NA,兵庫県
JP-28,HYOGO,2021-01-19,13996.87109375,13119.28515625,15920.16015625,353.6991577148,349.4281616211,454.3317565918,1356.6287841797,1202.8099365234,2028.439453125,11652.0048828125,11303.4287109375,12024.833984375,NA,NA,NA,NA,2021-01-08,9.502563476499972,211.1220703125,NA,NA,兵庫県
JP-28,HYOGO,2021-01-20,14211.09765625,13287.2138671875,16241.666015625,363.3152770996,358.7258300781,471.4438476562,1393.5654296875,1228.1555175781,2115.2780761719,11826.068359375,11456.1162109375,12221.7421875,NA,NA,NA,NA,2021-01-08,9.616119384800015,214.2265625,NA,NA,兵庫県
JP-28,HYOGO,2021-01-21,14419.5185546875,13457.7890625,16537.9609375,373.043762207,368.1469421387,488.4425354004,1427.3546142578,1251.0789794922,2195.6501464844,12004.7138671875,11614.4404296875,12421.3291015625,NA,NA,NA,NA,2021-01-08,9.72848510739999,208.4208984375,NA,NA,兵庫県
JP-28,HYOGO,2021-01-22,14620.08984375,13628.4560546875,16808.5859375,382.8115539551,377.6163635254,505.2671813965,1456.5473632812,1270.3481445312,2267.2517089844,12186.03125,11776.392578125,12622.765625,NA,NA,NA,NA,2021-01-08,9.767791748100024,200.5712890625,NA,NA,兵庫県
JP-28,HYOGO,2021-01-23,14807.671875,13795.6357421875,17045.52734375,392.5570983887,387.0691223145,521.8778076172,1478.4311523438,1283.6458740234,2325.7438964844,12369.4306640625,11941.2138671875,12826.966796875,NA,NA,NA,NA,2021-01-08,9.745544433600003,187.58203125,NA,NA,兵庫県
JP-28,HYOGO,2021-01-24,14986.9208984375,13959.375,17261.798828125,402.1916503906,396.4208374023,538.138671875,1493.3760986328,1291.3385009766,2371.4431152344,12552.3212890625,12106.4169921875,13029.95703125,NA,NA,NA,NA,2021-01-08,9.634552001899976,179.2490234375,NA,NA,兵庫県
JP-28,HYOGO,2021-01-25,15174.4013671875,14126.0947265625,17496.326171875,411.6917114258,405.6482849121,554.0241088867,1505.5233154297,1297.0297851562,2410.8481445312,12733.96875,12271.2353515625,13230.943359375,NA,NA,NA,NA,2021-01-08,9.50006103520002,187.48046875,NA,NA,兵庫県
JP-28,HYOGO,2021-01-26,15363.45703125,14295.66015625,17728.916015625,421.1365661621,414.8300476074,569.6416625977,1516.9291992188,1302.4741210938,2447.3276367188,12916.2509765625,12437.4248046875,13431.51171875,NA,NA,NA,NA,2021-01-08,9.444854736299988,189.0556640625,NA,NA,兵庫県
JP-28,HYOGO,2021-01-27,15554.439453125,14467.705078125,17961.892578125,430.5519104004,423.989654541,585.0482788086,1527.3829345703,1307.4666748047,2480.6987304688,13099.1337890625,12604.8544921875,13632.208984375,NA,NA,NA,NA,2021-01-08,9.415344238300008,190.982421875,NA,NA,兵庫県
JP-28,HYOGO,2021-01-28,15739.80859375,14639.47265625,18177.708984375,439.9428405762,433.1312866211,600.264831543,1536.2462158203,1311.4401855469,2510.0463867188,13282.353515625,12773.2158203125,13833,NA,NA,NA,NA,2021-01-08,9.390930175800008,185.369140625,NA,NA,兵庫県
JP-28,HYOGO,2021-01-29,15928.4931640625,14813.384765625,18398.775390625,449.2657775879,442.2136230469,615.2279663086,1544.8255615234,1315.4875488281,2537.5842285156,13465.18359375,12941.828125,14032.4794921875,NA,NA,NA,NA,2021-01-08,9.322937011699992,188.6845703125,NA,NA,兵庫県
JP-28,HYOGO,2021-01-30,16110.134765625,14985.37109375,18599.396484375,458.5631713867,451.28125,629.9774780273,1550.8127441406,1317.6099853516,2559.5639648438,13647.6689453125,13110.71875,14229.375,NA,NA,NA,NA,2021-01-08,9.297393798799988,181.6416015625,NA,NA,兵庫県
JP-28,HYOGO,2021-01-31,16300.8359375,15160.6982421875,18820.705078125,467.7933654785,460.2897644043,644.490234375,1557.6040039062,1320.6837158203,2581.7307128906,13829.29296875,13279.2958984375,14424.3701171875,NA,NA,NA,NA,2021-01-08,9.230194091800001,190.701171875,NA,NA,兵庫県
JP-28,HYOGO,2021-02-01,16497.25,15340.2587890625,19051.296875,477.0502624512,469.3305664062,658.910949707,1566.7967529297,1326.0355224609,2606.8842773438,14011.2802734375,13448.6806640625,14619.0498046875,NA,NA,NA,NA,2021-01-08,9.25689697270002,196.4140625,NA,NA,兵庫県
JP-28,HYOGO,2021-02-02,16694.228515625,15522.9052734375,19277.546875,486.3432922363,478.4125061035,673.2612915039,1578.0882568359,1333.3786621094,2634.6591796875,14194.029296875,13619.2255859375,14813.8291015625,NA,NA,NA,NA,2021-01-08,9.293029785099975,196.978515625,NA,NA,兵庫県
JP-28,HYOGO,2021-02-03,16889.078125,15706.6953125,19494.73046875,495.6703796387,487.5319824219,687.5561523438,1589.0744628906,1340.6564941406,2661.1574707031,14377.853515625,13791.1640625,15009.4736328125,NA,NA,NA,NA,2021-01-08,9.327087402400025,194.849609375,NA,NA,兵庫県
JP-28,HYOGO,2021-02-04,17078.1640625,15889.4677734375,19695.224609375,504.9888305664,496.6477050781,701.736328125,1598.2467041016,1346.5777587891,2683.8923339844,14562.2353515625,13963.98046875,15205.1025390625,NA,NA,NA,NA,2021-01-08,9.318450927699985,189.0859375,NA,NA,兵庫県
JP-28,HYOGO,2021-02-05,17274.615234375,16074.6103515625,19913.734375,514.2514038086,505.7121582031,715.7493286133,1607.9544677734,1353.1121826172,2706.8754882812,14746.3369140625,14136.8408203125,15400.185546875,NA,NA,NA,NA,2021-01-08,9.262573242200006,196.451171875,NA,NA,兵庫県
JP-29,NARA,2021-01-09,2305.2043457031,2289.8332519531,2343.9357910156,26.407705307,26.3631839752,27.4745750427,378.0093078613,371.7557678223,404.9606628418,1890.9992675781,1882.7584228516,1899.9512939453,NA,NA,NA,NA,2021-01-08,0.4077053070000005,39.20434570309999,NA,NA,奈良県
JP-29,NARA,2021-01-10,2334.4174804688,2304.9147949219,2409.013671875,26.8553123474,26.7688732147,28.9213008881,384.4599609375,372.365814209,436.6181030273,1914.0216064453,1898.1641845703,1931.2938232422,NA,NA,NA,NA,2021-01-08,0.4476070404000012,29.213134765700033,NA,NA,奈良県
JP-29,NARA,2021-01-11,2362.0712890625,2319.6176757812,2469.6875,27.3119373322,27.1860332489,30.3145828247,388.8254089355,371.3684387207,464.171081543,1937.3828125,1914.4777832031,1962.4932861328,NA,NA,NA,NA,2021-01-08,0.4566249847999977,27.653808593699978,NA,NA,奈良県
JP-29,NARA,2021-01-12,2388.4924316406,2334.216796875,2525.9921875,27.7725925446,27.6096057892,31.653629303,391.5630493164,369.2387695312,487.9562988281,1961.0513916016,1931.6262207031,1993.2818603516,NA,NA,NA,NA,2021-01-08,0.46065521239999896,26.42114257809999,NA,NA,奈良県
JP-29,NARA,2021-01-13,2414.3081054688,2349.1745605469,2579.0002441406,28.2372245789,28.0394172668,32.9423713684,393.4025268555,366.6704101562,508.8216552734,1984.7784423828,1949.3150634766,2023.5609130859,NA,NA,NA,NA,2021-01-08,0.46463203430000277,25.815673828200033,NA,NA,奈良県
JP-29,NARA,2021-01-14,2439.4362792969,2364.3957519531,2628.6525878906,28.7038135529,28.473197937,34.1843566895,394.4092712402,363.7151184082,526.8989868164,2008.6470947266,1967.5831298828,2053.4567871094,NA,NA,NA,NA,2021-01-08,0.46658897400000043,25.12817382809999,NA,NA,奈良県
JP-29,NARA,2021-01-15,2464.802734375,2380.5817871094,2676.5200195312,29.1716537476,28.9101371765,35.3818397522,395.3681945801,361.0762023926,543.3265991211,2032.5795898438,1986.3154296875,2082.9592285156,NA,NA,NA,NA,2021-01-08,0.46784019469999905,25.36645507809999,NA,NA,奈良県
JP-29,NARA,2021-01-16,2491.09765625,2398.2429199219,2723.8842773438,29.6422595978,29.3516597748,36.5393676758,396.9532165527,359.3307189941,559.1989746094,2056.5498046875,2005.4556884766,2112.0966796875,NA,NA,NA,NA,2021-01-08,0.47060585019999834,26.294921875,NA,NA,奈良県
JP-29,NARA,2021-01-17,2517.3972167969,2416.6499023438,2769.4621582031,30.1178569794,29.7998847961,37.6625595093,398.6468505859,357.9738464355,573.9806518555,2080.6325683594,2025.0404052734,2141.0622558594,NA,NA,NA,NA,2021-01-08,0.4755973816000001,26.29956054690001,NA,NA,奈良県
JP-29,NARA,2021-01-18,2542.1796875,2434.4692382812,2811.6245117188,30.5986881256,30.254196167,38.760559082,399.1313171387,355.8048400879,585.9041137695,2104.8435058594,2045.0134277344,2170.5065917969,NA,NA,NA,NA,2021-01-08,0.4808311461999999,24.78247070309999,NA,NA,奈良県
JP-29,NARA,2021-01-19,2565.7592773438,2451.8264160156,2850.5161132812,31.0789527893,30.7094631195,39.8236083984,398.3329772949,352.7516174316,594.8311157227,2129.1545410156,2065.3657226562,2199.859375,NA,NA,NA,NA,2021-01-08,0.48026466370000165,23.579589843800022,NA,NA,奈良県
JP-29,NARA,2021-01-20,2586.8469238281,2467.6491699219,2883.9812011719,31.5586528778,31.1655578613,40.8536605835,395.463684082,348.1142272949,599.5732421875,2153.3154296875,2085.8276367188,2228.7124023438,NA,NA,NA,NA,2021-01-08,0.47970008849999957,21.087646484299967,NA,NA,奈良県
JP-29,NARA,2021-01-21,2607.7817382812,2483.5954589844,2916.39453125,32.0330238342,31.6176700592,41.8478050232,392.1067810059,343.2877502441,602.5552368164,2177.3220214844,2106.3728027344,2257.2668457031,NA,NA,NA,NA,2021-01-08,0.4743709564000014,20.93481445309999,NA,NA,奈良県
JP-29,NARA,2021-01-22,2627.4743652344,2498.9865722656,2945.7197265625,32.5031814575,32.0668258667,42.8097267151,387.8929443359,337.9327087402,603.2830200195,2201.1215820312,2126.9306640625,2285.4821777344,NA,NA,NA,NA,2021-01-08,0.4701576232999969,19.692626953200033,NA,NA,奈良県
JP-29,NARA,2021-01-23,2646.4714355469,2514.0881347656,2973.2111816406,32.9684562683,32.5121498108,43.7411880493,383.1517944336,332.3226318359,602.3294677734,2224.6079101562,2147.3811035156,2313.2729492188,NA,NA,NA,NA,2021-01-08,0.465274810800004,18.9970703125,NA,NA,奈良県
JP-29,NARA,2021-01-24,2666.04296875,2529.8811035156,3000.7622070312,33.4292907715,32.9544334412,44.6413078308,379.0018310547,327.4051818848,601.5141601562,2247.759765625,2167.71484375,2340.2648925781,NA,NA,NA,NA,2021-01-08,0.4608345031999974,19.57153320309999,NA,NA,奈良県
JP-29,NARA,2021-01-25,2686.5756835938,2546.7490234375,3028.6586914062,33.8880233765,33.3963356018,45.5113296509,375.9381408691,323.5770568848,601.7229614258,2270.6484375,2187.9873046875,2366.2734375,NA,NA,NA,NA,2021-01-08,0.45873260500000157,20.532714843800022,NA,NA,奈良県
JP-29,NARA,2021-01-26,2708.4038085938,2564.9580078125,3057.7658691406,34.3435325623,33.835849762,46.3566246033,374.1989746094,321.0192871094,603.4737548828,2293.4389648438,2208.3095703125,2391.7980957031,NA,NA,NA,NA,2021-01-08,0.4555091857999969,21.828125,NA,NA,奈良県
JP-29,NARA,2021-01-27,2728.6408691406,2582.423828125,3083.0886230469,34.7991142273,34.2761611938,47.1842384338,371.6908874512,317.9188537598,603.4833374023,2316.0678710938,2228.607421875,2416.9755859375,NA,NA,NA,NA,2021-01-08,0.45558166500000397,20.237060546799967,NA,NA,奈良県
JP-29,NARA,2021-01-28,2748.8488769531,2599.9350585938,3108.1884765625,35.2504196167,34.7125740051,47.9918136597,369.0352172852,314.8001403809,602.805480957,2338.5795898438,2248.8957519531,2442.0561523438,NA,NA,NA,NA,2021-01-08,0.4513053893999981,20.2080078125,NA,NA,奈良県
JP-29,NARA,2021-01-29,2767.958984375,2616.8386230469,3130.8947753906,35.6982421875,35.1462211609,48.7796401978,365.6571655273,311.1638183594,600.5334472656,2360.919921875,2269.1369628906,2466.89453125,NA,NA,NA,NA,2021-01-08,0.44782257079999965,19.11010742190001,NA,NA,奈良県
JP-29,NARA,2021-01-30,2785.8244628906,2632.8974609375,3150.8344726562,36.1419181824,35.5765228271,49.5461006165,361.3317565918,306.8096313477,596.3044433594,2383.0200195312,2289.2556152344,2491.10546875,NA,NA,NA,NA,2021-01-08,0.44367599489999776,17.86547851559999,NA,NA,奈良県
JP-29,NARA,2021-01-31,2803.3405761719,2648.6860351562,3169.91796875,36.5808296204,36.0026702881,50.2925987244,356.7685546875,302.335357666,591.3204956055,2404.8088378906,2309.1706542969,2514.7231445312,NA,NA,NA,NA,2021-01-08,0.4389114380000052,17.516113281300022,NA,NA,奈良県
JP-29,NARA,2021-02-01,2820.8671875,2664.5402832031,3188.3852539062,37.0159759521,36.4256706238,51.0194969177,352.404510498,298.1000671387,586.3270874023,2426.2980957031,2328.8840332031,2537.4641113281,NA,NA,NA,NA,2021-01-08,0.43514633169999684,17.52661132809999,NA,NA,奈良県
JP-29,NARA,2021-02-02,2837.5085449219,2679.9138183594,3204.93359375,37.4452819824,36.8433685303,51.7278137207,347.5749206543,293.5381164551,580.2796630859,2447.5959472656,2348.4919433594,2559.9584960938,NA,NA,NA,NA,2021-01-08,0.4293060302999976,16.64135742190001,NA,NA,奈良県
JP-29,NARA,2021-02-03,2854.244140625,2695.3122558594,3222.2299804688,37.8689918518,37.2558403015,52.4212646484,342.9918823242,289.2473754883,574.4139404297,2468.5100097656,2367.8022460938,2582.4157714844,NA,NA,NA,NA,2021-01-08,0.42370986939999966,16.73559570309999,NA,NA,奈良県
JP-29,NARA,2021-02-04,2870.0810546875,2710.1931152344,3237.2351074219,38.2867355347,37.6631851196,53.094127655,337.9688415527,284.6356811523,567.5665283203,2489.1860351562,2386.9616699219,2604.1643066406,NA,NA,NA,NA,2021-01-08,0.41774368290000297,15.8369140625,NA,NA,奈良県
JP-29,NARA,2021-02-05,2886.1408691406,2725.1848144531,3252.4855957031,38.6975631714,38.06407547,53.7476730347,333.2565612793,280.3314208984,561.0276489258,2509.5500488281,2405.880859375,2625.2602539062,NA,NA,NA,NA,2021-01-08,0.4108276366999988,16.05981445309999,NA,NA,奈良県
JP-30,WAKAYAMA,2021-01-09,748.954284668,742.5830688477,764.4887695312,8.170167923,8.1558332443,8.5073671341,119.0588150024,117.1227340698,127.6305007935,600.6058959961,597.9898681641,603.4279174805,NA,NA,NA,NA,2021-01-08,0.17016792299999928,15.954284668000014,NA,NA,和歌山県
JP-30,WAKAYAMA,2021-01-10,763.9500732422,750.6164550781,796.1005249023,8.3637084961,8.3359308243,9.0192232132,121.940612793,118.160118103,138.6100769043,605.6302490234,600.6245727539,610.8948974609,NA,NA,NA,NA,2021-01-08,0.19354057309999995,14.995788574199992,NA,NA,和歌山県
JP-30,WAKAYAMA,2021-01-11,778.1235961914,757.8322143555,826.9615478516,8.5766468048,8.5360450745,9.5358505249,125.9528121948,120.3674087524,150.5074462891,611.0212402344,603.8208618164,618.5224609375,NA,NA,NA,NA,2021-01-08,0.21293830870000008,14.173522949199992,NA,NA,和歌山県
JP-30,WAKAYAMA,2021-01-12,791.5950317383,764.6774902344,856.5196533203,8.8045892715,8.7517004013,10.054728508,130.6106414795,123.2428665161,162.9251098633,616.7634887695,607.5419921875,626.3246459961,NA,NA,NA,NA,2021-01-08,0.22794246670000007,13.471435546900011,NA,NA,和歌山県
JP-30,WAKAYAMA,2021-01-13,804.427734375,771.3599853516,884.4951171875,9.0454359055,8.9807500839,10.5750236511,135.5430450439,126.4188156128,175.4814605713,622.768737793,611.6824951172,634.2283325195,NA,NA,NA,NA,2021-01-08,0.2408466340000004,12.832702636699992,NA,NA,和歌山県
JP-30,WAKAYAMA,2021-01-14,816.7549438477,778.0658569336,910.8338012695,9.2964468002,9.2204408646,11.0944538116,140.5191040039,129.6753540039,187.9004211426,629.0448608398,616.2338256836,642.2261962891,NA,NA,NA,NA,2021-01-08,0.25101089470000026,12.32720947270002,NA,NA,和歌山県
JP-30,WAKAYAMA,2021-01-15,828.904296875,785.0228881836,936.0796508789,9.5557794571,9.4687738419,11.6140575409,145.4685974121,132.9486999512,200.0900115967,635.5180053711,621.1085205078,650.2828979492,NA,NA,NA,NA,2021-01-08,0.25933265689999985,12.14935302729998,NA,NA,和歌山県
JP-30,WAKAYAMA,2021-01-16,840.2471923828,791.8275146484,959.0852661133,9.8230371475,9.7253408432,12.1340074539,150.1444702148,136.0171051025,211.7011871338,642.1779785156,626.2832641602,658.4212646484,NA,NA,NA,NA,2021-01-08,0.26725769039999925,11.342895507799994,NA,NA,和歌山県
JP-30,WAKAYAMA,2021-01-17,851.2572631836,798.7447509766,980.7396850586,10.0966300964,9.9885625839,12.652712822,154.5301513672,138.8719787598,222.6870574951,648.9876708984,631.7106933594,666.6126708984,NA,NA,NA,NA,2021-01-08,0.2735929489000011,11.010070800800008,NA,NA,和歌山県
JP-30,WAKAYAMA,2021-01-18,861.9813232422,805.7813110352,1001.1614379883,10.3762178421,10.2580690384,13.1704216003,158.6100158691,141.50340271,233.0051422119,655.9296875,637.3634643555,674.8503417969,NA,NA,NA,NA,2021-01-08,0.27958774570000067,10.724060058600003,NA,NA,和歌山県
JP-30,WAKAYAMA,2021-01-19,872.4745483398,812.9658813477,1020.4501953125,10.6598501205,10.531914711,13.6852264404,162.3871154785,143.9172515869,242.6453704834,663.0294799805,643.2571411133,683.1676635742,NA,NA,NA,NA,2021-01-08,0.28363227839999894,10.493225097599975,NA,NA,和歌山県
JP-30,WAKAYAMA,2021-01-20,882.7412109375,820.2406005859,1038.7299804688,10.9477176666,10.8102712631,14.19784832,165.854888916,146.1098175049,251.5883331299,670.2117919922,649.3108520508,691.4912719727,NA,NA,NA,NA,2021-01-08,0.2878675460999993,10.26666259770002,NA,NA,和歌山県
JP-30,WAKAYAMA,2021-01-21,892.8497314453,827.6381835938,1056.1340332031,11.2386646271,11.0919771194,14.7072620392,169.0201873779,148.0884246826,259.8392944336,677.521484375,655.560546875,699.8745727539,NA,NA,NA,NA,2021-01-08,0.29094696050000124,10.108520507799994,NA,NA,和歌山県
JP-30,WAKAYAMA,2021-01-22,903.0002441406,835.2233276367,1073.1627197266,11.5325040817,11.3768310547,15.2136602402,171.9599151611,149.9207305908,267.5166015625,684.9220581055,661.9642333984,708.2864379883,NA,NA,NA,NA,2021-01-08,0.2938394546000005,10.150512695299994,NA,NA,和歌山県
JP-30,WAKAYAMA,2021-01-23,912.6513061523,842.7282714844,1088.6639404297,11.8296489716,11.6652202606,15.7180128098,174.5702514648,151.5155944824,274.4618835449,692.4066162109,668.5090332031,716.7252807617,NA,NA,NA,NA,2021-01-08,0.29714488989999843,9.651062011699992,NA,NA,和歌山県
JP-30,WAKAYAMA,2021-01-24,922.1619262695,850.2742919922,1103.5125732422,12.1293745041,11.9564113617,16.2197971344,176.9084472656,152.9223632812,280.7679138184,699.9475708008,675.1628417969,725.1704101562,NA,NA,NA,NA,2021-01-08,0.2997255325000001,9.510620117200006,NA,NA,和歌山県
JP-30,WAKAYAMA,2021-01-25,931.5631713867,857.8681640625,1117.7944335938,12.4319581985,12.250667572,16.7197132111,179.0135955811,154.1735839844,286.5025024414,707.538269043,681.9145507812,733.6133422852,NA,NA,NA,NA,2021-01-08,0.3025836944000009,9.401245117200006,NA,NA,和歌山県
JP-30,WAKAYAMA,2021-01-26,940.8758544922,865.53515625,1131.5322265625,12.735742569,12.5463323593,17.2159423828,180.9091339111,155.2877502441,291.712310791,715.2164306641,688.7956542969,742.1040039062,NA,NA,NA,NA,2021-01-08,0.30378437049999896,9.312683105500014,NA,NA,和歌山県
JP-30,WAKAYAMA,2021-01-27,950.0801391602,873.2166748047,1144.7947998047,13.0413675308,12.8440294266,17.7096481323,182.6205444336,156.2846832275,296.4476928711,722.9051513672,695.7283325195,750.5623779297,NA,NA,NA,NA,2021-01-08,0.3056249618000013,9.204284668000014,NA,NA,和歌山県
JP-30,WAKAYAMA,2021-01-28,959.2150268555,880.9575195312,1157.9169921875,13.3479280472,13.1428594589,18.2012748718,184.1493377686,157.1671142578,300.7448730469,730.6607055664,702.7645874023,759.3176269531,NA,NA,NA,NA,2021-01-08,0.30656051639999937,9.134887695299994,NA,NA,和歌山県
JP-30,WAKAYAMA,2021-01-29,968.4419555664,888.8002929688,1171.2432861328,13.6554965973,13.4428691864,18.690990448,185.5663909912,157.991897583,304.7238769531,738.4524536133,709.8698120117,768.2644042969,NA,NA,NA,NA,2021-01-08,0.30756855010000095,9.226928710899983,NA,NA,和歌山県
JP-30,WAKAYAMA,2021-01-30,977.2553100586,896.55078125,1183.6514892578,13.9647035599,13.7446632385,19.1803321838,186.7749481201,158.6751098633,308.2409362793,746.276550293,717.0369262695,777.4598388672,NA,NA,NA,NA,2021-01-08,0.30920696259999936,8.813354492200006,NA,NA,和歌山県
JP-30,WAKAYAMA,2021-01-31,985.9740600586,904.2880249023,1195.9152832031,14.2750644684,14.0477695465,19.6686058044,187.8199310303,159.2523651123,311.3736572266,754.1115722656,724.2423706055,786.8272705078,NA,NA,NA,NA,2021-01-08,0.31036090849999987,8.71875,NA,NA,和歌山県
JP-30,WAKAYAMA,2021-02-01,994.6256713867,912.0244140625,1208.1044921875,14.5869808197,14.3525629044,20.1567420959,188.7302703857,159.7461090088,314.1786499023,761.9553833008,731.4813232422,796.3667602539,NA,NA,NA,NA,2021-01-08,0.3119163513000007,8.651611328099989,NA,NA,和歌山県
JP-30,WAKAYAMA,2021-02-02,1003.2272949219,919.7858276367,1220.0328369141,14.8987894058,14.6573915482,20.6418819427,189.5158538818,160.1605224609,316.6668395996,769.8509521484,738.7915039062,805.9625244141,NA,NA,NA,NA,2021-01-08,0.31180858609999973,8.60162353520002,NA,NA,和歌山県
JP-30,WAKAYAMA,2021-02-03,1011.7655639648,927.5270996094,1231.900390625,15.2112884521,14.9629964828,21.1261310577,190.2070465088,160.5207824707,318.907043457,777.7208862305,746.0968017578,815.6499023438,NA,NA,NA,NA,2021-01-08,0.31249904629999925,8.53826904289997,NA,NA,和歌山県
JP-30,WAKAYAMA,2021-02-04,1020.2806396484,935.2740478516,1243.5311279297,15.5236005783,15.2682819366,21.6080722809,190.7950286865,160.8143157959,320.8760681152,785.6267700195,753.4451904297,825.299987793,NA,NA,NA,NA,2021-01-08,0.31231212620000015,8.515075683600003,NA,NA,和歌山県
JP-30,WAKAYAMA,2021-02-05,1028.9312744141,943.0864257812,1255.2973632812,15.8359088898,15.5736970901,22.0867424011,191.347076416,161.0963592529,322.6905517578,793.5411987305,760.8213500977,834.8428344727,NA,NA,NA,NA,2021-01-08,0.3123083115000007,8.650634765700033,NA,NA,和歌山県
JP-31,TOTTORI,2021-01-09,167.083770752,164.9626159668,174.066986084,0.0997455791,0.0995620042,0.1040074304,75.3261489868,74.0925140381,80.7276000977,85.6128082275,85.2369613647,86.1044998169,NA,NA,NA,NA,2021-01-08,0.0997455791,6.083770751999992,NA,NA,鳥取県
JP-31,TOTTORI,2021-01-10,172.6065216064,168.1295471191,186.893951416,0.2075041384,0.206718877,0.2251670808,76.5243225098,74.1381072998,86.9564208984,87.3667144775,86.6383361816,88.3078918457,NA,NA,NA,NA,2021-01-08,0.10775855930000001,5.522750854400016,NA,NA,鳥取県
JP-31,TOTTORI,2021-01-11,177.5136108398,170.7631530762,198.7537078857,0.3299285769,0.3280817866,0.3709258437,77.687210083,74.224861145,92.7996444702,89.7557144165,88.6889572144,91.1193161011,NA,NA,NA,NA,2021-01-08,0.12242443849999998,4.907089233400001,NA,NA,鳥取県
JP-31,TOTTORI,2021-01-12,181.8479919434,173.0777282715,209.301574707,0.4625977576,0.4592490196,0.5364677906,78.6454086304,74.1878814697,98.0642547607,92.6692581177,91.2719573975,94.4386901855,NA,NA,NA,NA,2021-01-08,0.1326691807,4.334381103599981,NA,NA,鳥取県
JP-31,TOTTORI,2021-01-13,185.6817779541,175.2055969238,218.4669952393,0.6027920842,0.5975442529,0.7182126045,79.275970459,73.9142150879,102.5891494751,95.9808273315,94.2577133179,98.1500549316,NA,NA,NA,NA,2021-01-08,0.14019432659999997,3.8337860107000097,NA,NA,鳥取県
JP-31,TOTTORI,2021-01-14,189.1614990234,177.2658843994,226.413772583,0.7474777102,0.7400010824,0.9117572308,79.4837188721,73.3193435669,106.2272567749,99.6276168823,97.5812683105,102.1839447021,NA,NA,NA,NA,2021-01-08,0.144685626,3.4797210693000125,NA,NA,鳥取県
JP-31,TOTTORI,2021-01-15,192.4136657715,179.3394470215,233.3853912354,0.8948163986,0.8848475218,1.1139308214,79.2995681763,72.439239502,109.0071716309,103.5170135498,101.1497879028,106.4515151978,NA,NA,NA,NA,2021-01-08,0.14733868839999997,3.252166748099995,NA,NA,鳥取県
JP-31,TOTTORI,2021-01-16,195.321472168,181.3170776367,239.2459411621,1.0435830355,1.0309247971,1.322188139,78.6759109497,71.2336730957,110.8538665771,107.5849914551,104.8991928101,110.8976898193,NA,NA,NA,NA,2021-01-08,0.14876663690000003,2.907806396500007,NA,NA,鳥取県
JP-31,TOTTORI,2021-01-17,198.046081543,183.2704315186,244.3547668457,1.1925127506,1.1770359278,1.5338824987,77.6711349487,69.757522583,111.8422164917,111.7742004395,108.7726898193,115.4662246704,NA,NA,NA,NA,2021-01-08,0.14892971509999997,2.724609375,NA,NA,鳥取県
JP-31,TOTTORI,2021-01-18,200.7747039795,185.1982269287,249.4906921387,1.3311095238,1.3128683567,1.7345187664,77.0449905396,68.6886978149,113.089050293,115.321144104,112.0284194946,119.3595123291,NA,NA,NA,NA,2021-01-08,0.13859677319999997,2.7286224364999896,NA,NA,鳥取県
JP-31,TOTTORI,2021-01-19,203.4600830078,187.1194458008,254.4434509277,1.4634479284,1.4424901009,1.9283399582,76.6215286255,67.8573684692,114.392326355,118.5220794678,114.9570465088,122.8759918213,NA,NA,NA,NA,2021-01-08,0.13233840460000001,2.685379028299991,NA,NA,鳥取県
JP-31,TOTTORI,2021-01-20,206.0764160156,189.0246734619,259.1593933105,1.5920120478,1.5683772564,2.1179659367,76.3314208984,67.1933746338,115.688041687,121.4723587036,117.6521224976,126.1182861328,NA,NA,NA,NA,2021-01-08,0.1285641194,2.6163330077999944,NA,NA,鳥取県
JP-31,TOTTORI,2021-01-21,208.628326416,190.9318847656,263.6900024414,1.7176206112,1.6913517714,2.3042798042,76.1126327515,66.63722229,116.9241027832,124.2694854736,120.2084121704,129.2479858398,NA,NA,NA,NA,2021-01-08,0.12560856340000015,2.551910400400004,NA,NA,鳥取県
JP-31,TOTTORI,2021-01-22,211.1584014893,192.8603668213,268.1163024902,1.8410663605,1.8122086525,2.4880356789,75.9515380859,66.1711273193,118.0984573364,126.9492034912,122.6603546143,132.2909393311,NA,NA,NA,NA,2021-01-08,0.12344574929999985,2.5300750732999973,NA,NA,鳥取県
JP-31,TOTTORI,2021-01-23,213.5301361084,194.7392272949,272.0726623535,1.963108182,1.9317007065,2.6698422432,75.7889938354,65.7371902466,119.1234588623,129.5407867432,125.0355224609,135.2162017822,NA,NA,NA,NA,2021-01-08,0.12204182150000009,2.3717346191000104,NA,NA,鳥取県
JP-31,TOTTORI,2021-01-24,215.8338165283,196.6060333252,275.8655090332,2.0840370655,2.0501132011,2.850278616,75.6179351807,65.3284225464,120.0179214478,132.0619812012,127.3508224487,138.120880127,NA,NA,NA,NA,2021-01-08,0.12092888349999997,2.3036804198999903,NA,NA,鳥取県
JP-31,TOTTORI,2021-01-25,218.0792388916,198.4622344971,279.4652404785,2.2042348385,2.1678314209,3.0296089649,75.4331054688,64.9357299805,120.7759094238,134.5278015137,129.6203613281,140.9750518799,NA,NA,NA,NA,2021-01-08,0.12019777300000012,2.2454223633000083,NA,NA,鳥取県
JP-31,TOTTORI,2021-01-26,220.2749633789,200.3184509277,282.9536132812,2.3231739998,2.2843210697,3.2073903084,75.2259521484,64.5506896973,121.4063644409,136.963104248,131.8670959473,143.8661193848,NA,NA,NA,NA,2021-01-08,0.11893916129999971,2.195724487299998,NA,NA,鳥取県
JP-31,TOTTORI,2021-01-27,222.4194641113,202.1587524414,286.2843933105,2.4412996769,2.400036335,3.3838584423,75.0047073364,64.176071167,121.9191589355,139.3485412598,134.072479248,146.7094573975,NA,NA,NA,NA,2021-01-08,0.1181256771000001,2.1445007323999903,NA,NA,鳥取県
JP-31,TOTTORI,2021-01-28,224.5251312256,203.9925231934,289.4305419922,2.5583558083,2.5147259235,3.5583705902,74.7570953369,63.798286438,122.2964630127,141.7118682861,136.2629089355,149.4993438721,NA,NA,NA,NA,2021-01-08,0.11705613140000004,2.1056671143000187,NA,NA,鳥取県
JP-31,TOTTORI,2021-01-29,226.6314697266,205.8311462402,292.44140625,2.6744601727,2.6285107136,3.7307856083,74.5003433228,63.4288597107,122.5663146973,144.0489044189,138.4337921143,152.1853637695,NA,NA,NA,NA,2021-01-08,0.11610436439999994,2.106338500999982,NA,NA,鳥取県
JP-31,TOTTORI,2021-01-30,228.6274414062,207.6316833496,295.1491088867,2.7899286747,2.7416903973,3.9019932747,74.208114624,63.0457763672,122.7066879272,146.360458374,140.5851898193,154.8409118652,NA,NA,NA,NA,2021-01-08,0.11546850200000014,1.995971679600018,NA,NA,鳥取県
JP-31,TOTTORI,2021-01-31,230.5871734619,209.4116363525,297.633972168,2.9047749043,2.8542981148,4.0713062286,73.8900146484,62.6531906128,122.7225799561,148.6449890137,142.7162322998,157.3684082031,NA,NA,NA,NA,2021-01-08,0.1148462295999999,1.9597320556999875,NA,NA,鳥取県
JP-31,TOTTORI,2021-02-01,232.5183868408,211.1772918701,299.9765625,3.0192120075,2.9665181637,4.2394108772,73.5521621704,62.2561645508,122.6405105591,150.9055328369,144.82862854,159.8240661621,NA,NA,NA,NA,2021-01-08,0.11443710320000022,1.9312133788999972,NA,NA,鳥取県
JP-31,TOTTORI,2021-02-02,234.4256286621,212.9372253418,302.1366577148,3.1326179504,3.0777699947,4.4050297737,73.1922912598,61.8508758545,122.456817627,153.1580047607,146.9387207031,162.1922912598,NA,NA,NA,NA,2021-01-08,0.11340594289999961,1.9072418213000049,NA,NA,鳥取県
JP-31,TOTTORI,2021-02-03,236.3060760498,214.6801452637,304.1705627441,3.2453513145,3.1883833408,4.5689396858,72.825302124,61.4492835999,122.2073059082,155.3781433105,149.0218658447,164.4754486084,NA,NA,NA,NA,2021-01-08,0.11273336410000034,1.880447387700002,NA,NA,鳥取県
JP-31,TOTTORI,2021-02-04,238.1689453125,216.4199066162,306.2134399414,3.3571293354,3.2980511189,4.7314500809,72.4426803589,61.045665741,121.9012527466,157.5878448486,151.0980682373,166.8094940186,NA,NA,NA,NA,2021-01-08,0.11177802089999966,1.862869262700002,NA,NA,鳥取県
JP-31,TOTTORI,2021-02-05,240.0475769043,218.1644592285,308.2659912109,3.4680235386,3.4068653584,4.8922758102,72.0620346069,60.6520233154,121.5599899292,159.780166626,153.1602478027,169.1109466553,NA,NA,NA,NA,2021-01-08,0.11089420319999999,1.8786315918000014,NA,NA,鳥取県
JP-32,SHIMANE,2021-01-09,223.1950378418,221.9014587402,225.8999786377,0.0214191191,0.0213835295,0.0222856645,15.8420295715,15.5803956985,16.9776153564,205.73487854,205,207.0176391602,NA,NA,NA,NA,2021-01-08,0.0214191191,2.1950378418000014,NA,NA,島根県
JP-32,SHIMANE,2021-01-10,225.2206726074,222.5989990234,230.6915435791,0.0457939468,0.0456375293,0.0494682118,16.0892963409,15.5838375092,18.2830142975,206.5269927979,205,208.9331359863,NA,NA,NA,NA,2021-01-08,0.024374827699999997,2.025634765599989,NA,NA,島根県
JP-32,SHIMANE,2021-01-11,227.0491790771,223.1769714355,235.0916290283,0.0744976848,0.0741115659,0.0833498314,16.4006690979,15.6649436951,19.5928001404,207.5239868164,205.0726928711,210.8936920166,NA,NA,NA,NA,2021-01-08,0.028703738000000006,1.8285064697000166,NA,NA,島根県
JP-32,SHIMANE,2021-01-12,228.6893005371,223.6980285645,238.9725952148,0.1063133627,0.1055868566,0.1227347627,16.7008399963,15.7490882874,20.8280601501,208.67527771,205.5491333008,212.8534698486,NA,NA,NA,NA,2021-01-08,0.03181567789999999,1.640121459999989,NA,NA,島根県
JP-32,SHIMANE,2021-01-13,230.1619567871,224.1972351074,242.3148193359,0.1403650492,0.1391953975,0.1665783077,16.9304161072,15.7803354263,21.9142131805,209.936050415,206.1929626465,214.7819519043,NA,NA,NA,NA,2021-01-08,0.03405168650000001,1.47265625,NA,NA,島根県
JP-32,SHIMANE,2021-01-14,231.5178985596,224.7110748291,245.2855834961,0.1757297367,0.1740302593,0.2136456519,17.0539264679,15.7274551392,22.8012199402,211.2792358398,206.9709625244,216.755645752,NA,NA,NA,NA,2021-01-08,0.03536468749999999,1.3559417725000174,NA,NA,島根県
JP-32,SHIMANE,2021-01-15,232.8044891357,225.2630157471,247.9897766113,0.2118368298,0.2095383108,0.2630228102,17.076625824,15.5969305038,23.488899231,212.6771392822,207.8503265381,218.7663116455,NA,NA,NA,NA,2021-01-08,0.03610709309999999,1.2865905760999965,NA,NA,島根県
JP-32,SHIMANE,2021-01-16,233.9720916748,225.8047332764,250.3028411865,0.2483279556,0.2453788519,0.3139872551,16.975610733,15.3686466217,23.937713623,214.1101074219,208.806930542,220.7417144775,NA,NA,NA,NA,2021-01-08,0.036491125800000024,1.1676025390999882,NA,NA,島根県
JP-32,SHIMANE,2021-01-17,235.0809326172,226.3627471924,252.365524292,0.2848053277,0.2811723053,0.3657687008,16.7723045349,15.0631847382,24.1733722687,215.5584259033,209.8174591064,222.6749572754,NA,NA,NA,NA,2021-01-08,0.03647737209999999,1.1088409424000076,NA,NA,島根県
JP-32,SHIMANE,2021-01-18,236.2059936523,226.9520874023,254.4334259033,0.3186000586,0.3142964542,0.4146844447,16.615020752,14.8134508133,24.4127235413,216.8790740967,210.7390289307,224.4399108887,NA,NA,NA,NA,2021-01-08,0.033794730900000014,1.1250610351000034,NA,NA,島根県
JP-32,SHIMANE,2021-01-19,237.3269958496,227.5724487305,256.4491271973,0.3507872522,0.3458242118,0.4618649483,16.4974994659,14.6116342545,24.6571369171,218.1227264404,211.617767334,226.0983276367,NA,NA,NA,NA,2021-01-08,0.0321871936,1.1210021972999868,NA,NA,島根県
JP-32,SHIMANE,2021-01-20,238.4317932129,228.2156066895,258.3773498535,0.381996125,0.3763831854,0.5079623461,16.4097499847,14.4469642639,24.8996715546,219.3070983887,212.4681243896,227.6589508057,NA,NA,NA,NA,2021-01-08,0.03120887280000001,1.1047973633000083,NA,NA,島根県
JP-32,SHIMANE,2021-01-21,239.5203857422,228.8829650879,260.174407959,0.4124450982,0.406193167,0.5531286597,16.3424949646,14.3095998764,25.1317977905,220.4527587891,213.3076782227,229.1087799072,NA,NA,NA,NA,2021-01-08,0.030448973200000007,1.0885925293000014,NA,NA,島根県
JP-32,SHIMANE,2021-01-22,240.6094360352,229.5821228027,261.9393920898,0.4423395097,0.4354613125,0.5975773931,16.2954044342,14.1982660294,25.3598766327,221.5675964355,214.1427459717,230.5172576904,NA,NA,NA,NA,2021-01-08,0.029894411499999995,1.0890502929999855,NA,NA,島根県
JP-32,SHIMANE,2021-01-23,241.6393280029,230.2802734375,263.5431213379,0.4718824327,0.4643884599,0.6415398717,16.2449245453,14.091383934,25.5514659882,222.659362793,214.9778442383,231.8907012939,NA,NA,NA,NA,2021-01-08,0.029542923,1.0298919676999958,NA,NA,島根県
JP-32,SHIMANE,2021-01-24,242.6471862793,230.9880371094,265.0225830078,0.5010975599,0.4929972291,0.6849871874,16.1907806396,13.9877948761,25.7078323364,223.731048584,215.8130645752,233.1829376221,NA,NA,NA,NA,2021-01-08,0.029215127200000024,1.0078582764000146,NA,NA,島根県
JP-32,SHIMANE,2021-01-25,243.6361694336,231.7082061768,266.5875244141,0.5300824642,0.5213856101,0.728143692,16.1328659058,13.887553215,25.8365039825,224.7860107422,216.6511077881,234.5955352783,NA,NA,NA,NA,2021-01-08,0.028984904300000003,0.9889831543000014,NA,NA,島根県
JP-32,SHIMANE,2021-01-26,244.6087646484,232.439666748,268.1038208008,0.5587211251,0.5494392514,0.7707718611,16.0701675415,13.7886333466,25.9349498749,225.8306427002,217.4950408936,236.0020904541,NA,NA,NA,NA,2021-01-08,0.0286386609,0.972595214800009,NA,NA,島根県
JP-32,SHIMANE,2021-01-27,245.5636901855,233.1757202148,269.5644226074,0.5871168375,0.5772596598,0.812994957,16.002368927,13.6902303696,26.004360199,226.8599243164,218.3383331299,237.3833312988,NA,NA,NA,NA,2021-01-08,0.02839571239999994,0.9549255370999958,NA,NA,島根県
JP-32,SHIMANE,2021-01-28,246.5056915283,233.9197540283,270.9565124512,0.6152137518,0.6047931314,0.8547039628,15.9281349182,13.5906963348,26.044002533,227.8809509277,219.1869049072,238.7282867432,NA,NA,NA,NA,2021-01-08,0.028096914300000053,0.9420013427999834,NA,NA,島根県
JP-32,SHIMANE,2021-01-29,247.4517822266,234.6766815186,272.2547912598,0.6430433989,0.6320702434,0.8958716393,15.8543481827,13.4952297211,26.0653076172,228.8923797607,220.0383911133,239.9696960449,NA,NA,NA,NA,2021-01-08,0.02782964709999991,0.9460906982999973,NA,NA,島根県
JP-32,SHIMANE,2021-01-30,248.3517913818,235.4245910645,273.3933410645,0.6706918478,0.6591740847,0.9366534352,15.7670526505,13.3917207718,26.0481624603,229.8949584961,220.8922119141,241.1565246582,NA,NA,NA,NA,2021-01-08,0.027648448900000067,0.9000091552000242,NA,NA,島根県
JP-32,SHIMANE,2021-01-31,249.2386016846,236.1730957031,274.5565490723,0.698126018,0.6860730052,0.9770873785,15.6711673737,13.2843933105,26.0043678284,230.8870544434,221.7463989258,242.384765625,NA,NA,NA,NA,2021-01-08,0.02743417019999994,0.8868103028000007,NA,NA,島根県
JP-32,SHIMANE,2021-02-01,250.1151428223,236.9226074219,275.4906311035,0.7253917456,0.7128156424,1.0169694424,15.5696954727,13.1745643616,25.9340953827,231.8692321777,222.6014404297,243.4007110596,NA,NA,NA,NA,2021-01-08,0.02726572760000001,0.8765411376999737,NA,NA,島根県
JP-32,SHIMANE,2021-02-02,250.983215332,237.6757354736,276.348236084,0.7523590326,0.7392708063,1.0562674999,15.4640674591,13.0637140274,25.8446331024,232.845703125,223.459197998,244.3592834473,NA,NA,NA,NA,2021-01-08,0.026967287000000062,0.8680725096999993,NA,NA,島根県
JP-32,SHIMANE,2021-02-03,251.8414001465,238.4275054932,277.1690063477,0.7791101336,0.7655188441,1.0951285362,15.3563232422,12.9534225464,25.7413024902,233.810043335,224.3126220703,245.2866821289,NA,NA,NA,NA,2021-01-08,0.026751101,0.8581848145000208,NA,NA,島根県
JP-32,SHIMANE,2021-02-04,252.6933288574,239.1815643311,277.9710998535,0.8055824637,0.7914980054,1.1334857941,15.2460012436,12.8431100845,25.624710083,234.7680664062,225.1665344238,246.2043457031,NA,NA,NA,NA,2021-01-08,0.02647233009999994,0.8519287108999833,NA,NA,島根県
JP-32,SHIMANE,2021-02-05,253.5541534424,239.9429168701,278.8055114746,0.8318012953,0.8172318339,1.1713966131,15.14021492,12.7385759354,25.5080318451,235.7177429199,226.0182952881,247.1228485107,NA,NA,NA,NA,2021-01-08,0.026218831600000048,0.8608245850000174,NA,NA,島根県
JP-33,OKAYAMA,2021-01-09,1760.0264892578,1735.1606445312,1821.4587402344,15.2970380783,15.2707948685,15.9228744507,322.2087402344,316.8764038086,345.1914367676,1261.3776855469,1255.7723388672,1270.0946044922,NA,NA,NA,NA,2021-01-08,0.29703807829999995,65.0264892578,NA,NA,岡山県
JP-33,OKAYAMA,2021-01-10,1822.3944091797,1768.4217529297,1952.6566162109,15.6504259109,15.5993700027,16.8680801392,321.3084106445,311.1930541992,364.8999328613,1283.6723632812,1272.8548583984,1300.0090332031,NA,NA,NA,NA,2021-01-08,0.3533878325999993,62.36791992190001,NA,NA,岡山県
JP-33,OKAYAMA,2021-01-11,1866.2370605469,1785.0393066406,2060.2927246094,16.0532798767,15.9784975052,17.8365783691,322.2206115723,307.7371520996,384.6377868652,1309.0006103516,1293.2980957031,1332.0522460938,NA,NA,NA,NA,2021-01-08,0.4028539658000003,43.842651367200006,NA,NA,岡山県
JP-33,OKAYAMA,2021-01-12,1899.5764160156,1794.7485351562,2148.9145507812,16.4782085419,16.3807125092,18.8030033112,323.6698303223,305.1918640137,403.3161010742,1335.5142822266,1315.2258300781,1364.4899902344,NA,NA,NA,NA,2021-01-08,0.4249286651999995,33.33935546869998,NA,NA,岡山県
JP-33,OKAYAMA,2021-01-13,1925.9377441406,1801.0968017578,2222.1572265625,16.9122314453,16.7928962708,19.7555599213,324.958984375,302.8528137207,420.2853088379,1361.2138671875,1336.6340332031,1395.4818115234,NA,NA,NA,NA,2021-01-08,0.4340229034000025,26.361328125,NA,NA,岡山県
JP-33,OKAYAMA,2021-01-14,1952.8137207031,1809.3679199219,2292.4545898438,17.346075058,17.2054691315,20.6890354156,326.1973266602,300.7883605957,435.8055419922,1386.0970458984,1357.4852294922,1425.3616943359,NA,NA,NA,NA,2021-01-08,0.4338436126999987,26.8759765625,NA,NA,岡山県
JP-33,OKAYAMA,2021-01-15,1985.0035400391,1822.0170898438,2369.78515625,17.7821884155,17.6211242676,21.6059322357,327.9216918945,299.4630737305,450.7373962402,1409.9547119141,1377.5815429688,1453.9111328125,NA,NA,NA,NA,2021-01-08,0.43611335749999824,32.18981933600003,NA,NA,岡山県
JP-33,OKAYAMA,2021-01-16,2020.9796142578,1837.6828613281,2453.1926269531,18.2281417847,18.0472068787,22.5193691254,330.3529968262,299.0465393066,465.6178894043,1433.0726318359,1397.1850585938,1482.0874023438,NA,NA,NA,NA,2021-01-08,0.4459533692000015,35.97607421869998,NA,NA,岡山県
JP-33,OKAYAMA,2021-01-17,2059.8671875,1856.1164550781,2539.8601074219,18.6888923645,18.4887142181,23.4328517914,333.7164306641,299.6947631836,480.8858947754,1456.8443603516,1417.6285400391,1510.8491210938,NA,NA,NA,NA,2021-01-08,0.4607505797999991,38.887573242200006,NA,NA,岡山県
JP-33,OKAYAMA,2021-01-18,2098.3696289062,1875.4794921875,2623.1149902344,19.1672706604,18.9482650757,24.3509540558,337.8238525391,301.1978759766,496.407409668,1481.0849609375,1438.7049560547,1539.7385253906,NA,NA,NA,NA,2021-01-08,0.4783782959000007,38.50244140619998,NA,NA,岡山県
JP-33,OKAYAMA,2021-01-19,2134.7092285156,1895.1727294922,2698.5541992188,19.6603736877,19.4230556488,25.2707252502,342.3929748535,303.2762451172,511.8789367676,1506.111328125,1460.7143554688,1569.0023193359,NA,NA,NA,NA,2021-01-08,0.4931030273000019,36.33959960940001,NA,NA,岡山県
JP-33,OKAYAMA,2021-01-20,2165.9250488281,1913.8514404297,2759.5324707031,20.1654567719,19.9104785919,26.1891422272,346.8598937988,305.4108581543,526.5246582031,1531.7443847656,1483.4758300781,1598.3548583984,NA,NA,NA,NA,2021-01-08,0.5050830841999989,31.2158203125,NA,NA,岡山県
JP-33,OKAYAMA,2021-01-21,2195.5847167969,1932.7779541016,2815.0712890625,20.674697876,20.4029121399,27.0988235474,351.0449523926,307.4400024414,540.1538085938,1557.3996582031,1506.4208984375,1627.7222900391,NA,NA,NA,NA,2021-01-08,0.5092411040999991,29.659667968800022,NA,NA,岡山県
JP-33,OKAYAMA,2021-01-22,2222.1413574219,1951.5767822266,2861.8901367188,21.1871070862,20.8989238739,28.0034942627,354.7891235352,309.2222900391,552.6080932617,1583.4287109375,1529.8603515625,1658.1896972656,NA,NA,NA,NA,2021-01-08,0.5124092102000013,26.556640625,NA,NA,岡山県
JP-33,OKAYAMA,2021-01-23,2248.5686035156,1970.9604492188,2906.0627441406,21.69871521,21.3948993683,28.8912696838,357.9803161621,310.6365661621,563.6226196289,1609.5258789062,1553.4958496094,1688.0399169922,NA,NA,NA,NA,2021-01-08,0.5116081237999985,26.427246093699978,NA,NA,岡山県
JP-33,OKAYAMA,2021-01-24,2272.4482421875,1989.9134521484,2942.4582519531,22.2095088959,21.8906364441,29.7644939423,360.5546569824,311.6259155273,573.1324462891,1635.4702148438,1577.0933837891,1717.2570800781,NA,NA,NA,NA,2021-01-08,0.5107936859000013,23.87963867190001,NA,NA,岡山県
JP-33,OKAYAMA,2021-01-25,2295.0993652344,2009.1923828125,2973.95703125,22.7178001404,22.3845291138,30.6226158142,362.5327758789,312.2078552246,581.2110595703,1661.7213134766,1601.0905761719,1746.6229248047,NA,NA,NA,NA,2021-01-08,0.5082912445000005,22.65112304690001,NA,NA,岡山県
JP-33,OKAYAMA,2021-01-26,2318.8264160156,2028.7374267578,3008.025390625,23.2204914093,22.8733253479,31.4631118774,364.0712585449,312.5124511719,588.1416015625,1687.166015625,1624.3994140625,1775.0812988281,NA,NA,NA,NA,2021-01-08,0.5026912688999978,23.727050781199978,NA,NA,岡山県
JP-33,OKAYAMA,2021-01-27,2343.1950683594,2048.7006835938,3043.0400390625,23.721113205,23.3604698181,32.291469574,365.3323364258,312.672668457,594.2143554688,1712.2900390625,1647.4844970703,1803.1418457031,NA,NA,NA,NA,2021-01-08,0.5006217957000025,24.368652343800022,NA,NA,岡山県
JP-33,OKAYAMA,2021-01-28,2367.5981445312,2069.4702148438,3075.7182617188,24.2198677063,23.8461704254,33.1060409546,366.3403015137,312.696685791,599.4613037109,1738.0383300781,1671.2546386719,1831.3060302734,NA,NA,NA,NA,2021-01-08,0.49875450129999876,24.403076171799967,NA,NA,岡山県
JP-33,OKAYAMA,2021-01-29,2391.6640625,2090.7001953125,3104.830078125,24.7167701721,24.33061409,33.9027786255,367.1065673828,312.5797424316,603.8783569336,1764.166015625,1695.4739990234,1858.6030273438,NA,NA,NA,NA,2021-01-08,0.4969024657999981,24.065917968800022,NA,NA,岡山県
JP-33,OKAYAMA,2021-01-30,2412.2541503906,2111.0095214844,3124.2849121094,25.2112464905,24.8130245209,34.6856880188,367.2467651367,311.9975280762,606.9156494141,1790.1079101562,1719.5825195312,1885.1829833984,NA,NA,NA,NA,2021-01-08,0.4944763184000003,20.59008789059999,NA,NA,岡山県
JP-33,OKAYAMA,2021-01-31,2433.3703613281,2131.3664550781,3145.0029296875,25.6995677948,25.2896938324,35.4522171021,366.9646911621,311.123626709,608.9598999023,1815.6950683594,1743.4108886719,1911.2752685547,NA,NA,NA,NA,2021-01-08,0.4883213043000012,21.1162109375,NA,NA,岡山県
JP-33,OKAYAMA,2021-02-01,2454.1140136719,2151.5576171875,3164.6921386719,26.1838665009,25.7626953125,36.2058486938,366.3388061523,310.0202941895,610.1646118164,1840.9426269531,1766.9691162109,1936.9112548828,NA,NA,NA,NA,2021-01-08,0.4842987060999988,20.743652343800022,NA,NA,岡山県
JP-33,OKAYAMA,2021-02-02,2475.2736816406,2171.8325195312,3185.3774414062,26.6627311707,26.2305717468,36.9455299377,365.4707336426,308.7693481445,610.7262573242,1865.9346923828,1790.3312988281,1962.2476806641,NA,NA,NA,NA,2021-01-08,0.4788646698000001,21.159667968699978,NA,NA,岡山県
JP-33,OKAYAMA,2021-02-03,2496.8979492188,2192.2768554688,3207.4685058594,27.1381912231,26.6948566437,37.6780853271,364.4653625488,307.4577941895,610.8704833984,1890.7513427734,1813.5441894531,1987.7687988281,NA,NA,NA,NA,2021-01-08,0.47546005240000255,21.624267578200033,NA,NA,岡山県
JP-33,OKAYAMA,2021-02-04,2518.4284667969,2212.9509277344,3228.7353515625,27.6100978851,27.1558380127,38.4002456665,363.3078918457,306.0661315918,610.5661010742,1915.6887207031,1836.9149169922,2013.4223632812,NA,NA,NA,NA,2021-01-08,0.47190666199999853,21.53051757809999,NA,NA,岡山県
JP-33,OKAYAMA,2021-02-05,2539.322265625,2234.0305175781,3247.1145019531,28.0788879395,27.6139717102,39.112827301,362.0037231445,304.5946350098,609.8394775391,1941.1448974609,1860.8233642578,2039.6232910156,NA,NA,NA,NA,2021-01-08,0.46879005439999943,20.89379882809999,NA,NA,岡山県
JP-34,HIROSHIMA,2021-01-09,3770.1618652344,3740,3883.8732910156,52.6900405884,52.5941314697,54.9371948242,680.7971801758,669.5787353516,729.767578125,2798.5495605469,2786.2253417969,2818.2377929688,NA,NA,NA,NA,2021-01-08,1.6900405884000023,30.16186523440001,NA,NA,広島県
JP-34,HIROSHIMA,2021-01-10,3799.9418945312,3740,4007.982421875,54.3130912781,54.1258087158,58.6995010376,659.0344238281,638.3515625,749.082824707,2861.3537597656,2837.4289550781,2898.1076660156,NA,NA,NA,NA,2021-01-08,1.6230506897000012,29.780029296799967,NA,NA,広島県
JP-34,HIROSHIMA,2021-01-11,3827.8845214844,3740,4113.1147460938,55.8765335083,55.6025466919,62.2924041748,637.6019287109,609.0120849609,761.8893432617,2923.7478027344,2888.8942871094,2975.8686523438,NA,NA,NA,NA,2021-01-08,1.5634422301999962,27.942626953200033,NA,NA,広島県
JP-34,HIROSHIMA,2021-01-12,3851.1154785156,3740,4196.6123046875,57.3668479919,57.0116043091,65.6971511841,615.8811645508,580.7790527344,768.2219848633,2983.8999023438,2938.8017578125,3049.1599121094,NA,NA,NA,NA,2021-01-08,1.4903144836000024,23.230957031199978,NA,NA,広島県
JP-34,HIROSHIMA,2021-01-13,3871.3718261719,3740,4263.958984375,58.7803764343,58.3485565186,68.9153366089,593.7694091797,553.4152832031,768.6710205078,3040.7014160156,2986.017578125,3117.60546875,NA,NA,NA,NA,2021-01-08,1.4135284424000005,20.256347656300022,NA,NA,広島県
JP-34,HIROSHIMA,2021-01-14,3893.0729980469,3740,4325.0600585938,60.1163787842,59.6122665405,71.9487609863,571.8370361328,527.3173828125,764.600402832,3094.2971191406,3030.6506347656,3181.7937011719,NA,NA,NA,NA,2021-01-08,1.3360023498999993,21.701171875,NA,NA,広島県
JP-34,HIROSHIMA,2021-01-15,3919.1088867188,3740,4386.3212890625,61.3896751404,60.8184051514,74.8086700439,551.0187988281,503.1963806152,757.8055419922,3144.8803710938,3072.9125976562,3240.8735351562,NA,NA,NA,NA,2021-01-08,1.2732963561999995,26.03588867190001,NA,NA,広島県
JP-34,HIROSHIMA,2021-01-16,3946.8188476562,3740,4445.142578125,62.6235694885,61.9890937805,77.5343856812,531.5228881836,481.1070861816,749.2485961914,3193.1760253906,3113.4565429688,3296.4448242188,NA,NA,NA,NA,2021-01-08,1.2338943481000015,27.709960937399956,NA,NA,広島県
JP-34,HIROSHIMA,2021-01-17,3976.765625,3753.568359375,4503.361328125,63.8301811218,63.1363792419,80.1444320679,513.6918945312,461.2339172363,740.001159668,3240.1457519531,3153.1931152344,3349.9340820312,NA,NA,NA,NA,2021-01-08,1.2066116332999997,29.946777343800022,NA,NA,広島県
JP-34,HIROSHIMA,2021-01-18,4005.3837890625,3769.4978027344,4554.73828125,65.0194778442,64.2700195312,82.6564407349,497.1701660156,443.1431884766,730.0467529297,3285.7568359375,3192.0612792969,3401.4038085938,NA,NA,NA,NA,2021-01-08,1.1892967223999946,28.6181640625,NA,NA,広島県
JP-34,HIROSHIMA,2021-01-19,4032.4040527344,3786.1162109375,4599.2822265625,66.1842346191,65.3823928833,85.0679931641,481.6632385254,426.4796142578,719.3620605469,3330.1364746094,3230.1462402344,3451.2038574219,NA,NA,NA,NA,2021-01-08,1.164756774899999,27.02026367190001,NA,NA,広島県
JP-34,HIROSHIMA,2021-01-20,4056.6767578125,3802.6162109375,4635.1674804688,67.3236999512,66.4725799561,87.3825073242,466.7552490234,410.7993469238,707.6468505859,3373.1237792969,3267.2687988281,3499.1904296875,NA,NA,NA,NA,2021-01-08,1.1394653321000021,24.27270507809999,NA,NA,広島県
JP-34,HIROSHIMA,2021-01-21,4080.8354492188,3819.9748535156,4668.3139648438,68.4295272827,67.5325317383,89.5896759033,452.4461975098,396.0380554199,695.151184082,3414.8020019531,3303.486328125,3545.2109375,NA,NA,NA,NA,2021-01-08,1.1058273314999951,24.158691406300022,NA,NA,広島県
JP-34,HIROSHIMA,2021-01-22,4103.8706054688,3837.5759277344,4697.31640625,69.5054092407,68.5652160645,91.7023620605,438.6790771484,382.0944824219,682.0338134766,3455.1098632812,3338.6982421875,3589.5769042969,NA,NA,NA,NA,2021-01-08,1.0758819580000107,23.03515625,NA,NA,広島県
JP-34,HIROSHIMA,2021-01-23,4125.1440429688,3855.208984375,4720.51953125,70.5517349243,69.5710525513,93.7232971191,425.1926574707,368.6951599121,668.0769042969,3494.4428710938,3373.2690429688,3632.6108398438,NA,NA,NA,NA,2021-01-08,1.0463256836000028,21.2734375,NA,NA,広島県
JP-34,HIROSHIMA,2021-01-24,4145.7280273438,3872.8420410156,4741.48046875,71.5654296875,70.5467147827,95.6528244019,412.0198059082,355.830657959,653.4985961914,3532.3330078125,3406.7197265625,3673.9387207031,NA,NA,NA,NA,2021-01-08,1.013694763199993,20.583984375,NA,NA,広島県
JP-34,HIROSHIMA,2021-01-25,4166.115234375,3890.5747070312,4761.5766601562,72.5496520996,71.4952392578,97.4979705811,399.2811279297,343.570892334,638.6339111328,3568.8051757812,3439.056640625,3713.5732421875,NA,NA,NA,NA,2021-01-08,0.9842224120999958,20.387207031199978,NA,NA,広島県
JP-34,HIROSHIMA,2021-01-26,4186.4624023438,3908.5756835938,4781.5830078125,73.503868103,72.4149627686,99.269317627,387.0673828125,331.9655456543,623.7842407227,3604.2033691406,3470.5500488281,3752.5151367188,NA,NA,NA,NA,2021-01-08,0.9542160034000062,20.347167968800022,NA,NA,広島県
JP-34,HIROSHIMA,2021-01-27,4207.3935546875,3927.033203125,4802.4770507812,74.4324569702,73.3111343384,100.9668731689,375.4745178223,321.0661010742,609.1938476562,3638.5827636719,3501.2795410156,3790.1669921875,NA,NA,NA,NA,2021-01-08,0.9285888671999913,20.931152343699978,NA,NA,広島県
JP-34,HIROSHIMA,2021-01-28,4226.6274414062,3945.30859375,4818.9990234375,75.3376159668,74.1848907471,102.6036605835,364.264831543,310.6469726562,594.6006469727,3672.2448730469,3531.4812011719,3827.4133300781,NA,NA,NA,NA,2021-01-08,0.905158996600008,19.233886718699978,NA,NA,広島県
JP-34,HIROSHIMA,2021-01-29,4245.7368164062,3963.6171875,4835.0029296875,76.2157745361,75.0336532593,104.1693115234,353.463470459,300.7070617676,580.1069335938,3704.9306640625,3560.9306640625,3863.3515625,NA,NA,NA,NA,2021-01-08,0.8781585692999982,19.109375,NA,NA,広島県
JP-34,HIROSHIMA,2021-01-30,4263.3681640625,3981.201171875,4848.4267578125,77.0696411133,75.8589324951,105.6784667969,342.8333740234,291.0294189453,565.4194335938,3736.3737792969,3589.314453125,3898.3510742188,NA,NA,NA,NA,2021-01-08,0.8538665771999945,17.631347656300022,NA,NA,広島県
JP-34,HIROSHIMA,2021-01-31,4280.9526367188,3998.5043945312,4862.591796875,77.8981399536,76.6607284546,107.1249313354,332.5370178223,281.7369689941,550.8551635742,3766.5942382812,3616.6906738281,3932.1108398438,NA,NA,NA,NA,2021-01-08,0.8284988403,17.584472656300022,NA,NA,広島県
JP-34,HIROSHIMA,2021-02-01,4299.7114257812,4015.9592285156,4881.2958984375,78.7057876587,77.4423522949,108.5271148682,322.8370666504,273.0412597656,536.9339599609,3795.7062988281,3643.1225585938,3965.6015625,NA,NA,NA,NA,2021-01-08,0.8076477051000097,18.758789062399956,NA,NA,広島県
JP-34,HIROSHIMA,2021-02-02,4319.5678710938,4033.8557128906,4902.166015625,79.4961090088,78.2091293335,109.8734512329,313.9189453125,265.0790405273,523.9692993164,3824.0209960938,3668.9514160156,3997.5539550781,NA,NA,NA,NA,2021-01-08,0.790321350100001,19.856445312600044,NA,NA,広島県
JP-34,HIROSHIMA,2021-02-03,4339.1328125,4051.9528808594,4921.7827148438,80.2758178711,78.9664764404,111.1830215454,305.6765136719,257.7513427734,511.8482666016,3851.7768554688,3694.3671875,4028.6538085938,NA,NA,NA,NA,2021-01-08,0.7797088622999979,19.564941406199978,NA,NA,広島県
JP-34,HIROSHIMA,2021-02-04,4357.50390625,4069.9799804688,4937.6103515625,81.0426712036,79.712387085,112.4515991211,297.854675293,250.8323516846,500.1795043945,3879.1101074219,3719.4875488281,4058.8486328125,NA,NA,NA,NA,2021-01-08,0.7668533324999913,18.37109375,NA,NA,広島県
JP-34,HIROSHIMA,2021-02-05,4375.1318359375,4087.7570800781,4952.2622070312,81.7938079834,80.4436340332,113.6838302612,290.3621520996,244.2413635254,488.8645019531,3905.7348632812,3744.0349121094,4088.6413574219,NA,NA,NA,NA,2021-01-08,0.7511367798000066,17.6279296875,NA,NA,広島県
JP-35,YAMAGUCHI,2021-01-09,679.9546508789,674.8494873047,692.9747314453,3.0861134529,3.0810005665,3.2093327045,124.0679016113,122.0129547119,132.8995361328,545.0007324219,542.6204833984,547.6616210938,NA,NA,NA,NA,2021-01-08,0.08611345289999983,11.954650878899997,NA,NA,山口県
JP-35,YAMAGUCHI,2021-01-10,691.2778320312,681.171875,717.1184082031,3.1825110912,3.1724073887,3.4252095222,128.5968933105,124.5473556519,146.0170135498,550.3192138672,545.7550048828,555.3629150391,NA,NA,NA,NA,2021-01-08,0.09639763830000003,11.32318115229998,NA,NA,山口県
JP-35,YAMAGUCHI,2021-01-11,702.0612182617,687.2888793945,740.0379638672,3.2853288651,3.2703325748,3.6444599628,133.3606109619,127.3671264648,159.1643371582,555.89453125,549.3219604492,563.077331543,NA,NA,NA,NA,2021-01-08,0.10281777390000002,10.783386230500014,NA,NA,山口県
JP-35,YAMAGUCHI,2021-01-12,712.3873901367,693.3248901367,761.6676025391,3.3920149803,3.3722238541,3.8647193909,137.8616333008,129.9947814941,171.7537994385,561.7171630859,553.2935180664,570.8240356445,NA,NA,NA,NA,2021-01-08,0.10668611520000004,10.326171875,NA,NA,山口県
JP-35,YAMAGUCHI,2021-01-13,722.2945556641,699.2950439453,782.0393676758,3.5018348694,3.4773478508,4.08537817,141.9192810059,132.271270752,183.5109558105,567.7029418945,557.5708618164,578.5401000977,NA,NA,NA,NA,2021-01-08,0.10981988910000018,9.907165527400025,NA,NA,山口県
JP-35,YAMAGUCHI,2021-01-14,731.8713378906,705.264465332,801.2671508789,3.6138942242,3.5848162174,4.3055148125,145.5027008057,134.1806182861,194.3419036865,573.8726806641,562.1595458984,586.2811279297,NA,NA,NA,NA,2021-01-08,0.11205935479999996,9.576782226499972,NA,NA,山口県
JP-35,YAMAGUCHI,2021-01-15,741.353515625,711.3856201172,819.7884521484,3.7278778553,3.6943194866,4.5248222351,148.7428894043,135.8502960205,204.3805999756,580.1912841797,567.0111694336,594.0718383789,NA,NA,NA,NA,2021-01-08,0.11398363109999998,9.482177734400011,NA,NA,山口県
JP-35,YAMAGUCHI,2021-01-16,750.2413330078,717.2869873047,836.8322753906,3.843960762,3.8060355186,4.7436127663,151.43359375,137.0985107422,213.3228302002,586.6405639648,572.0969848633,601.9590454102,NA,NA,NA,NA,2021-01-08,0.11608290669999999,8.887817382799994,NA,NA,山口県
JP-35,YAMAGUCHI,2021-01-17,758.8994750977,723.1879882812,853.0156860352,3.9615530968,3.9193861485,4.9610352516,153.7060089111,138.0483703613,221.3199920654,593.1876831055,577.3736572266,609.8763427734,NA,NA,NA,NA,2021-01-08,0.11759233479999986,8.658142089900025,NA,NA,山口県
JP-35,YAMAGUCHI,2021-01-18,767.360168457,729.1101074219,868.3640136719,4.0807261467,4.0344367027,5.1772851944,155.6413726807,138.7745513916,228.478515625,599.8204345703,582.8208007812,617.7878417969,NA,NA,NA,NA,2021-01-08,0.1191730499000001,8.460693359299967,NA,NA,山口県
JP-35,YAMAGUCHI,2021-01-19,775.6633300781,735.0853271484,882.9382324219,4.2006297112,4.1503405571,5.3914327621,157.2887268066,139.3205108643,234.8735809326,606.559753418,588.4504394531,625.7230224609,NA,NA,NA,NA,2021-01-08,0.11990356450000039,8.303161621100003,NA,NA,山口県
JP-35,YAMAGUCHI,2021-01-20,783.8109741211,741.0650634766,897.2827758789,4.3214974403,4.2671079636,5.6057043076,158.7079315186,139.7415466309,240.6438446045,613.3278198242,594.155090332,634.0296020508,NA,NA,NA,NA,2021-01-08,0.12086772909999954,8.147644043000014,NA,NA,山口県
JP-35,YAMAGUCHI,2021-01-21,791.8534545898,747.1127929688,911.1419677734,4.4428567886,4.3844881058,5.8180594444,159.9230651855,140.0536193848,245.8105926514,620.1677856445,599.9979858398,642.4536743164,NA,NA,NA,NA,2021-01-08,0.12135934830000039,8.042480468699978,NA,NA,山口県
JP-35,YAMAGUCHI,2021-01-22,799.9471435547,753.3134765625,924.7721557617,4.5646862984,4.5024609566,6.0284256935,161.0550994873,140.3578491211,250.5710296631,627.0520019531,605.9464111328,650.893371582,NA,NA,NA,NA,2021-01-08,0.12182950979999951,8.093688964900025,NA,NA,山口県
JP-35,YAMAGUCHI,2021-01-23,807.6596069336,759.4005126953,937.2413330078,4.6873173714,4.6213464737,6.2371959686,161.9227752686,140.4908447266,254.6532287598,633.9697875977,611.983581543,659.2535400391,NA,NA,NA,NA,2021-01-08,0.12263107299999998,7.712463378899997,NA,NA,山口県
JP-35,YAMAGUCHI,2021-01-24,815.2769775391,765.4974975586,949.3224487305,4.8104200363,4.7408037186,6.4443659782,162.617401123,140.530166626,258.2235107422,640.9005737305,618.0828857422,667.6247558594,NA,NA,NA,NA,2021-01-08,0.12310266490000021,7.617370605500014,NA,NA,山口県
JP-35,YAMAGUCHI,2021-01-25,822.8243408203,771.6309204102,960.9584960938,4.934220314,4.8610591888,6.6501488686,163.1923828125,140.5177154541,261.3745117188,647.8446655273,624.2429199219,675.9170532227,NA,NA,NA,NA,2021-01-08,0.12380027770000002,7.547363281199978,NA,NA,山口県
JP-35,YAMAGUCHI,2021-01-26,830.3210449219,777.8334960938,972.2308959961,5.0579719543,4.9813766479,6.8538537025,163.6614837646,140.462890625,264.1506347656,654.8366088867,630.4987182617,684.2326660156,NA,NA,NA,NA,2021-01-08,0.12375164030000008,7.496704101600017,NA,NA,山口県
JP-35,YAMAGUCHI,2021-01-27,837.7525024414,784.0670776367,982.8280639648,5.1820163727,5.1022920609,7.0542731285,164.0625610352,140.3887481689,266.599395752,661.8061523438,636.7876586914,692.1627807617,NA,NA,NA,NA,2021-01-08,0.12404441839999958,7.431457519499986,NA,NA,山口県
JP-35,YAMAGUCHI,2021-01-28,845.1544799805,790.3525390625,992.948425293,5.3059773445,5.2232079506,7.2522892952,164.3901824951,140.2891540527,268.7422180176,668.8076782227,643.1414794922,699.9137573242,NA,NA,NA,NA,2021-01-08,0.12396097179999988,7.401977539100017,NA,NA,山口県
JP-35,YAMAGUCHI,2021-01-29,852.6608886719,796.7586669922,1002.9697875977,5.4299192429,5.3441777229,7.4482417107,164.7398834229,140.2431640625,270.7565917969,675.8198852539,649.5363769531,707.5289306641,NA,NA,NA,NA,2021-01-08,0.12394189840000003,7.506408691399997,NA,NA,山口県
JP-35,YAMAGUCHI,2021-01-30,859.8632202148,803.0648803711,1012.08203125,5.5542325974,5.4655804634,7.6428809166,164.9304656982,140.0937194824,272.362701416,682.8362426758,655.9633789062,715.0469970703,NA,NA,NA,NA,2021-01-08,0.1243133545000008,7.2023315428999695,NA,NA,山口県
JP-35,YAMAGUCHI,2021-01-31,867.018737793,809.3610229492,1020.8638305664,5.6786637306,5.5871715546,7.8357610703,165.0335693359,139.8986358643,273.6851501465,689.8410644531,662.4060668945,722.4001464844,NA,NA,NA,NA,2021-01-08,0.12443113319999988,7.155517578200033,NA,NA,山口県
JP-35,YAMAGUCHI,2021-02-01,874.1474609375,815.6738891602,1029.4855957031,5.8034853935,5.7092027664,8.0277881622,165.0897216797,139.6912536621,274.8140258789,696.8379516602,668.8643798828,729.7286376953,NA,NA,NA,NA,2021-01-08,0.12482166289999963,7.128723144499986,NA,NA,山口県
JP-35,YAMAGUCHI,2021-02-02,881.2603759766,822.0297241211,1038.0075683594,5.9279766083,5.8309621811,8.2181863785,165.0997772217,139.4706878662,275.7674560547,703.8647460938,675.3733520508,737.1445922852,NA,NA,NA,NA,2021-01-08,0.12449121479999992,7.112915039100017,NA,NA,山口県
JP-35,YAMAGUCHI,2021-02-03,888.3411865234,828.3883056641,1046.3348388672,6.0525212288,5.9528303146,8.4071998596,165.0978240967,139.2616577148,276.6015930176,710.8524169922,681.8646850586,744.4458618164,NA,NA,NA,NA,2021-01-08,0.12454462050000004,7.080810546799967,NA,NA,山口県
JP-35,YAMAGUCHI,2021-02-04,895.4185180664,834.7829589844,1054.5545654297,6.1767683029,6.0744504929,8.5946989059,165.0682678223,139.0498046875,277.3053894043,717.8576660156,688.389465332,751.7620239258,NA,NA,NA,NA,2021-01-08,0.12424707410000035,7.077331543000014,NA,NA,山口県
JP-35,YAMAGUCHI,2021-02-05,902.6190795898,841.2775268555,1063.0190429688,6.3008027077,6.1959033012,8.7809991837,165.0984802246,138.9075164795,278.0384216309,724.8609619141,694.9279174805,759.1264648438,NA,NA,NA,NA,2021-01-08,0.12403440479999972,7.200561523399983,NA,NA,山口県
JP-36,TOKUSHIMA,2021-01-09,224.7181549072,223.2495117188,228.2048950195,9.0479211807,9.0329227448,9.4106884003,23.3481712341,22.9712104797,25.0357627869,189.2592926025,188.4384002686,190.1476287842,NA,NA,NA,NA,2021-01-08,0.04792118069999951,3.718154907199988,NA,NA,徳島県
JP-36,TOKUSHIMA,2021-01-10,228.0750579834,224.9525604248,235.4347229004,9.101726532,9.0729970932,9.7967481613,23.2275333405,22.5124568939,26.416841507,190.6347808838,189.0636749268,192.3764953613,NA,NA,NA,NA,2021-01-08,0.05380535130000119,3.3569030762000125,NA,NA,徳島県
JP-36,TOKUSHIMA,2021-01-11,231.1188659668,226.340927124,242.3263244629,9.1604309082,9.1190958023,10.1598777771,23.4307460785,22.3980751038,28.0175170898,192.104888916,189.8461456299,194.623046875,NA,NA,NA,NA,2021-01-08,0.058704376199999686,3.0438079834000007,NA,NA,徳島県
JP-36,TOKUSHIMA,2021-01-12,233.8916625977,227.5559844971,248.7090911865,9.2228279114,9.1699056625,10.5014467239,23.8134670258,22.4765968323,29.7257785797,193.6566314697,190.7664337158,196.8731842041,NA,NA,NA,NA,2021-01-08,0.06239700319999919,2.7727966308999896,NA,NA,徳島県
JP-36,TOKUSHIMA,2021-01-13,236.4210662842,228.6720428467,254.5096435547,9.2883033752,9.2247200012,10.8232889175,24.2719421387,22.6435489655,31.4433937073,195.2633209229,191.7925415039,199.1059417725,NA,NA,NA,NA,2021-01-08,0.06547546380000036,2.529403686500018,NA,NA,徳島県
JP-36,TOKUSHIMA,2021-01-14,238.7468719482,229.7462768555,259.7477111816,9.3560209274,9.2826099396,11.1270370483,24.7391738892,22.8340740204,33.0987358093,196.9186096191,192.9129943848,201.3394927979,NA,NA,NA,NA,2021-01-08,0.06771755219999953,2.3258056640000007,NA,NA,徳島県
JP-36,TOKUSHIMA,2021-01-15,240.9376220703,230.8332519531,264.5395812988,9.4254617691,9.3429813385,11.4142532349,25.1839828491,23.0195617676,34.6579666138,198.6044921875,194.1057891846,203.5738983154,NA,NA,NA,NA,2021-01-08,0.06944084170000053,2.1907501220999848,NA,NA,徳島県
JP-36,TOKUSHIMA,2021-01-16,242.8951721191,231.8653717041,268.6605834961,9.49629879,9.4054584503,11.6854534149,25.554599762,23.1519260406,36.0476608276,200.3135528564,195.3599853516,205.7651062012,NA,NA,NA,NA,2021-01-08,0.07083702090000088,1.957550048800016,NA,NA,徳島県
JP-36,TOKUSHIMA,2021-01-17,244.7159881592,232.8946990967,272.3077392578,9.5680065155,9.4694566727,11.9415903091,25.8445625305,23.2263317108,37.257270813,202.0317077637,196.6580352783,207.9093017578,NA,NA,NA,NA,2021-01-08,0.0717077254999996,1.8208160400999986,NA,NA,徳島県
JP-36,TOKUSHIMA,2021-01-18,246.4179534912,233.9258880615,275.5973510742,9.6403512955,9.5346832275,12.1848707199,26.0504837036,23.2404956818,38.2827301025,203.7511291504,197.9890594482,210.0660858154,NA,NA,NA,NA,2021-01-08,0.07234477999999989,1.7019653319999861,NA,NA,徳島県
JP-36,TOKUSHIMA,2021-01-19,248.0190429688,234.9653015137,278.6083374023,9.7127094269,9.600476265,12.4162464142,26.1741924286,23.1964569092,39.1270942688,205.4729003906,199.3514709473,212.2722930908,NA,NA,NA,NA,2021-01-08,0.07235813139999969,1.6010894775999986,NA,NA,徳島県
JP-36,TOKUSHIMA,2021-01-20,249.5282745361,236.0018463135,281.370880127,9.7850065231,9.6667051315,12.6366128922,26.2187576294,23.0967788696,39.7940635681,207.1805419922,200.7263336182,214.4950256348,NA,NA,NA,NA,2021-01-08,0.0722970961999998,1.50923156730002,NA,NA,徳島県
JP-36,TOKUSHIMA,2021-01-21,250.9629821777,237.038772583,283.8998413086,9.8568477631,9.7329301834,12.846165657,26.1886386871,22.9450263977,40.2899131775,208.8795623779,202.1162261963,216.7140045166,NA,NA,NA,NA,2021-01-08,0.07184123999999947,1.4347076415999993,NA,NA,徳島県
JP-36,TOKUSHIMA,2021-01-22,252.3567504883,238.0840301514,286.289642334,9.9281129837,9.798997879,13.0456361771,26.0992965698,22.754442215,40.6402549744,210.561920166,203.5116119385,218.9250946045,NA,NA,NA,NA,2021-01-08,0.07126522060000084,1.3937683105999952,NA,NA,徳島県
JP-36,TOKUSHIMA,2021-01-23,253.6421508789,239.1018218994,288.4156494141,9.9988193512,9.8648910522,13.2360992432,25.9427566528,22.5176677704,40.8355903625,212.2257537842,204.9088287354,221.1394500732,NA,NA,NA,NA,2021-01-08,0.0707063674999997,1.285400390599989,NA,NA,徳島県
JP-36,TOKUSHIMA,2021-01-24,254.8737182617,240.1067657471,290.3413391113,10.0687952042,9.9303874969,13.4172410965,25.7321338654,22.2451248169,40.8959274292,213.8655090332,206.3000793457,223.2808837891,NA,NA,NA,NA,2021-01-08,0.06997585300000075,1.2315673827999944,NA,NA,徳島県
JP-36,TOKUSHIMA,2021-01-25,256.0601501465,241.100479126,292.080657959,10.1380491257,9.9954795837,13.5894699097,25.4774551392,21.9448471069,40.8396110535,215.4796905518,207.6829223633,225.3360290527,NA,NA,NA,NA,2021-01-08,0.06925392149999965,1.1864318848000153,NA,NA,徳島県
JP-36,TOKUSHIMA,2021-01-26,257.2081604004,242.0868530273,293.6164550781,10.2061796188,10.0597476959,13.7522993088,25.1855735779,21.6218070984,40.6795654297,217.0741119385,209.0618133545,227.2821807861,NA,NA,NA,NA,2021-01-08,0.06813049309999997,1.1480102538999972,NA,NA,徳島県
JP-36,TOKUSHIMA,2021-01-27,258.3188171387,243.0589447021,294.9862976074,10.2733240128,10.1233005524,13.9067678452,24.8656845093,21.2832241058,40.4345855713,218.6368713379,210.4239654541,229.1226501465,NA,NA,NA,NA,2021-01-08,0.06714439399999961,1.1106567383000083,NA,NA,徳島県
JP-36,TOKUSHIMA,2021-01-28,259.3998413086,244.021774292,296.2097167969,10.3392829895,10.1859064102,14.0533561707,24.5202655792,20.9304943085,40.1122245789,220.1768341064,211.7763824463,230.8726959229,NA,NA,NA,NA,2021-01-08,0.06595897669999928,1.0810241698999903,NA,NA,徳島県
JP-36,TOKUSHIMA,2021-01-29,260.4725646973,244.9833526611,297.4350585938,10.4041080475,10.2476158142,14.1936120987,24.1614131927,20.573759079,39.7387466431,221.6897125244,213.1148681641,232.6149902344,NA,NA,NA,NA,2021-01-08,0.06482505800000027,1.0727233887000125,NA,NA,徳島県
JP-36,TOKUSHIMA,2021-01-30,261.4810180664,245.9215240479,298.4904174805,10.4679088593,10.3085298538,14.3275489807,23.7820835114,20.206029892,39.3040084839,223.1755981445,214.4382171631,234.3107757568,NA,NA,NA,NA,2021-01-08,0.06380081180000019,1.008453369099982,NA,NA,徳島県
JP-36,TOKUSHIMA,2021-01-31,262.4639282227,246.8448181152,299.4758300781,10.5306577682,10.3685722351,14.4558782578,23.3900871277,19.8333034515,38.8234672546,224.6319885254,215.7418212891,235.9555358887,NA,NA,NA,NA,2021-01-08,0.06274890889999973,0.9829101563000222,NA,NA,徳島県
JP-36,TOKUSHIMA,2021-02-01,263.4256896973,247.755279541,300.3837890625,10.5924406052,10.4278154373,14.5787181854,22.9905662537,19.4592971802,38.3074302673,226.0593414307,217.0255279541,237.532119751,NA,NA,NA,NA,2021-01-08,0.06178283700000087,0.9617614745999958,NA,NA,徳島県
JP-36,TOKUSHIMA,2021-02-02,264.3694152832,248.6605834961,301.3825073242,10.6530151367,10.4860277176,14.6981620789,22.5858612061,19.0863285065,37.7677536011,227.4641113281,218.2960968018,239.2081451416,NA,NA,NA,NA,2021-01-08,0.06057453150000036,0.9437255858999833,NA,NA,徳島県
JP-36,TOKUSHIMA,2021-02-03,265.2944641113,249.5549468994,302.519317627,10.7125654221,10.5433492661,14.8154945374,22.1821060181,18.7190971375,37.2177886963,228.8367462158,219.5430297852,241.0079193115,NA,NA,NA,NA,2021-01-08,0.05955028540000029,0.9250488280999889,NA,NA,徳島県
JP-36,TOKUSHIMA,2021-02-04,266.2059326172,250.443145752,303.8575134277,10.770980835,10.5996370316,14.9318933487,21.7779941559,18.3562335968,36.6588096619,230.1861419678,220.7735900879,242.9975128174,NA,NA,NA,NA,2021-01-08,0.05841541289999874,0.911468505900018,NA,NA,徳島県
JP-36,TOKUSHIMA,2021-02-05,267.1207885742,251.3245697021,305.0563049316,10.8282051086,10.6548509598,15.0420837402,21.3811435699,18.0018310547,36.0927505493,231.5096282959,221.9834594727,244.8036346436,NA,NA,NA,NA,2021-01-08,0.05722427360000104,0.9148559569999861,NA,NA,徳島県
JP-37,KAGAWA,2021-01-09,429.0372619629,424.2425231934,444.572845459,3.1188840866,3.1134898663,3.2467374802,150.9280395508,148.4880371094,161.9039611816,260.3279418945,259.1767578125,262.1570129395,NA,NA,NA,NA,2021-01-08,0.11888408660000005,26.037261962900004,NA,NA,香川県
JP-37,KAGAWA,2021-01-10,451.5708007812,441.2753601074,484.2613220215,3.2690885067,3.2582376003,3.5253026485,160.50831604,155.5696258545,182.6860046387,267.828338623,265.5810241699,271.3588256836,NA,NA,NA,NA,2021-01-08,0.15020442010000012,22.533538818299974,NA,NA,香川県
JP-37,KAGAWA,2021-01-11,471.12890625,455.6629638672,520.1419677734,3.4376084805,3.4213211536,3.8229503632,170.6444244385,163.13722229,204.2401275635,276.1196594238,272.8235473633,281.0929870605,NA,NA,NA,NA,2021-01-08,0.1685199737999996,19.558105468800022,NA,NA,香川県
JP-37,KAGAWA,2021-01-12,488.1660766602,468.1412658691,552.030090332,3.6161503792,3.5943026543,4.1325464249,179.6022033691,169.5519104004,224.4434509277,285.0021972656,280.6902770996,291.3383789062,NA,NA,NA,NA,2021-01-08,0.17854189870000026,17.03717041020002,NA,NA,香川県
JP-37,KAGAWA,2021-01-13,503.0144348145,479.0416870117,579.9608764648,3.8007838726,3.7733066082,4.449221611,186.7191162109,174.2455596924,242.1835327148,294.2389221191,288.9434814453,301.799041748,NA,NA,NA,NA,2021-01-08,0.1846334933999998,14.848358154300001,NA,NA,香川県
JP-37,KAGAWA,2021-01-14,516.0430297852,488.6785888672,604.2547607422,3.9882235527,3.9550945759,4.7687225342,191.9101104736,177.2010650635,257.0673828125,303.7681274414,297.5184631348,312.4046020508,NA,NA,NA,NA,2021-01-08,0.18743968010000023,13.028594970699999,NA,NA,香川県
JP-37,KAGAWA,2021-01-15,527.7281494141,497.4027404785,625.7247924805,4.1767315865,4.1379575729,5.0888648033,195.4169769287,178.6949310303,269.219329834,313.4645080566,306.2880859375,323.1319274902,NA,NA,NA,NA,2021-01-08,0.1885080337999998,11.685119628899997,NA,NA,香川県
JP-37,KAGAWA,2021-01-16,537.6743774414,504.9453125,643.6708984375,4.3656134605,4.3212418556,5.408288002,197.2060241699,178.7365112305,278.4456176758,323.236907959,315.1615600586,333.9079589844,NA,NA,NA,NA,2021-01-08,0.18888187399999978,9.94622802729998,NA,NA,香川県
JP-37,KAGAWA,2021-01-17,546.4700927734,511.6950378418,659.129699707,4.5535449982,4.5036697388,5.7247371674,197.611541748,177.658782959,285.1108093262,332.9833374023,324.0385742188,344.6227111816,NA,NA,NA,NA,2021-01-08,0.18793153769999993,8.795715331999986,NA,NA,香川県
JP-37,KAGAWA,2021-01-18,554.2878417969,517.7807006836,672.3980102539,4.7401041985,4.684835434,6.0373806953,196.9005737305,175.7167510986,289.5435791016,342.6479187012,332.8639831543,355.2186889648,NA,NA,NA,NA,2021-01-08,0.1865592003000005,7.817749023500028,NA,NA,香川県
JP-37,KAGAWA,2021-01-19,561.2864379883,523.3294067383,683.7347412109,4.9235777855,4.8630590439,6.3437304497,195.2783966064,173.1006011963,292.0256958008,352.2286682129,341.6353149414,365.6860046387,NA,NA,NA,NA,2021-01-08,0.18347358699999994,6.998596191399997,NA,NA,香川県
JP-37,KAGAWA,2021-01-20,567.5739135742,528.3999633789,693.5802612305,5.1040625572,5.0384497643,6.6441431046,192.9678649902,170.0130157471,292.9215087891,361.6052246094,350.2360839844,376.0258483887,NA,NA,NA,NA,2021-01-08,0.18048477169999977,6.287475585899983,NA,NA,香川県
JP-37,KAGAWA,2021-01-21,573.2810668945,533.1063842773,702.4194335938,5.2806992531,5.2101407051,6.938395977,190.0935211182,166.5660400391,292.4826965332,370.8222351074,358.707824707,386.5073242188,NA,NA,NA,NA,2021-01-08,0.17663669590000008,5.7071533202999944,NA,NA,香川県
JP-37,KAGAWA,2021-01-22,578.5805664062,537.5497436523,710.4939575195,5.4533314705,5.3779797554,7.2258405685,186.8437652588,162.9145812988,291.004119873,379.839630127,367.0092773438,396.9780578613,NA,NA,NA,NA,2021-01-08,0.17263221740000034,5.299499511699992,NA,NA,香川県
JP-37,KAGAWA,2021-01-23,583.2747192383,541.6187133789,717.174987793,5.6222224236,5.5422515869,7.5058584213,183.2165222168,159.0431365967,288.476348877,388.6387634277,375.1217651367,407.2095336914,NA,NA,NA,NA,2021-01-08,0.16889095310000002,4.6941528321000305,NA,NA,香川県
JP-37,KAGAWA,2021-01-24,587.6007080078,545.4322509766,722.9430541992,5.7872543335,5.7028417587,7.7780256271,179.3385467529,155.0526885986,285.1245422363,397.203125,383.0287475586,417.1354370117,NA,NA,NA,NA,2021-01-08,0.16503190989999972,4.325988769499986,NA,NA,香川県
JP-37,KAGAWA,2021-01-25,591.6200561523,549.0433959961,727.9686889648,5.9486961365,5.8600177765,8.0428686142,175.2968902588,151.0106811523,281.1304626465,405.5374145508,390.7349243164,426.7987060547,NA,NA,NA,NA,2021-01-08,0.16144180299999977,4.019348144499986,NA,NA,香川県
JP-37,KAGAWA,2021-01-26,595.3818969727,552.4981079102,732.3370361328,6.1055622101000004,6.0127944946,8.2991924286,171.1284637451,146.9396972656,276.5900878906,413.6835632324,398.280090332,436.2467956543,NA,NA,NA,NA,2021-01-08,0.1568660736000007,3.761840820400039,NA,NA,香川県
JP-37,KAGAWA,2021-01-27,598.9124755859,555.7938842773,735.9852905273,6.2583899498,6.1617178917,8.5468435287,166.930557251,142.9112091064,271.6715087891,421.5687866211,405.5950622559,445.2341308594,NA,NA,NA,NA,2021-01-08,0.1528277396999993,3.530578613199964,NA,NA,香川県
JP-37,KAGAWA,2021-01-28,602.2556152344,558.9689941406,738.6946411133,6.4067611694,6.3064312935,8.7837896347,162.6986846924,138.9090270996,266.3699645996,429.2577819824,412.7438964844,453.5803527832,NA,NA,NA,NA,2021-01-08,0.14837121960000044,3.3431396485000278,NA,NA,香川県
JP-37,KAGAWA,2021-01-29,605.4891967773,562.0676269531,740.8115844727,6.5508556366,6.4470853806,9.0109806061,158.507232666,134.9927978516,260.8619384766,436.7340698242,419.7082519531,461.3974304199,NA,NA,NA,NA,2021-01-08,0.14409446719999952,3.2335815428999695,NA,NA,香川県
JP-37,KAGAWA,2021-01-30,608.4713134766,565.0220947266,742.2905273438,6.6911354065,6.5840792656,9.2304334641,154.3210449219,131.1302185059,255.1494750977,443.9930419922,426.4794311523,468.8975219727,NA,NA,NA,NA,2021-01-08,0.14027976990000024,2.982116699300036,NA,NA,香川県
JP-37,KAGAWA,2021-01-31,611.3270263672,567.8824462891,743.5343017578,6.827750206,6.7175526619,9.4428701401,150.1829833984,127.3533859253,249.337890625,451.0337219238,433.0556030273,476.1594848633,NA,NA,NA,NA,2021-01-08,0.13661479950000022,2.855712890599989,NA,NA,香川県
JP-37,KAGAWA,2021-02-01,614.0786743164,570.6676635742,744.5197143555,6.9610395432,6.8478307724,9.6485729218,146.1173248291,123.6762771606,243.4825286865,457.8674926758,439.4468078613,483.1365356445,NA,NA,NA,NA,2021-01-08,0.1332893371999999,2.7516479491999917,NA,NA,香川県
JP-37,KAGAWA,2021-02-02,616.743347168,573.3997192383,745.3024291992,7.0902891159,6.9742097855,9.8468017578,142.1159057617,120.0879058838,237.5941772461,464.5350036621,445.6914978027,489.9105529785,NA,NA,NA,NA,2021-01-08,0.12924957270000004,2.6646728516000167,NA,NA,香川県
JP-37,KAGAWA,2021-02-03,619.3255004883,576.0686035156,746.0252075195,7.2160525322,7.0972242355,10.0387363434,138.2337646484,116.631477356,231.7898101807,470.9805603027,451.7352600098,496.4919128418,NA,NA,NA,NA,2021-01-08,0.12576341629999988,2.5821533202999944,NA,NA,香川県
JP-37,KAGAWA,2021-02-04,621.8442382812,578.6939697266,746.7075805664,7.3380756378,7.2165961266,10.2243356705,134.440826416,113.2775726318,226.0355072021,477.2614135742,457.6303100586,502.9531860352,NA,NA,NA,NA,2021-01-08,0.12202310560000029,2.5187377928999695,NA,NA,香川県
JP-37,KAGAWA,2021-02-05,624.3485717773,581.3025512695,747.7307128906,7.456577301,7.3325109482,10.405122757000001,130.7772216797,110.0598068237,220.4341888428,483.3669433594,463.3655395508,509.5189819336,NA,NA,NA,NA,2021-01-08,0.1185016632,2.5043334961000028,NA,NA,香川県
JP-38,EHIME,2021-01-09,636.4795532227,630.2943115234,655.2935180664,13.3692779541,13.3465538025,13.9083862305,183.7565307617,180.774230957,197.0138549805,423.4555053711,421.597442627,425.6321411133,NA,NA,NA,NA,2021-01-08,0.3692779540999993,29.47955322270002,NA,NA,愛媛県
JP-38,EHIME,2021-01-10,663.4700317383,650.2679443359,703.1923828125,13.8007183075,13.7557849884,14.8634243011,196.4563751221,190.3867950439,223.3975067139,431.0361328125,427.4428405762,435.2391662598,NA,NA,NA,NA,2021-01-08,0.4314403534000011,26.99047851559999,NA,NA,愛媛県
JP-38,EHIME,2021-01-11,688.2916870117,668.3067016602,748.7711791992,14.2797374725,14.2129077911,15.8557796478,210.5517730713,201.2565765381,251.7530822754,439.4395751953,434.214630127,445.5426940918,NA,NA,NA,NA,2021-01-08,0.4790191650000004,24.821655273399983,NA,NA,愛媛県
JP-38,EHIME,2021-01-12,711.237487793,684.9944458008,791.578918457,14.7942380905,14.7055263519,16.87758255,224.0723266602,211.4972686768,279.7475280762,448.533416748,441.7605895996,456.5190734863,NA,NA,NA,NA,2021-01-08,0.5145006179999996,22.945800781300022,NA,NA,愛媛県
JP-38,EHIME,2021-01-13,732.4888305664,700.5328369141,831.4273071289,15.3386888504,15.2283010483,17.9230136871,236.1699829102,220.3578796387,306.0713195801,458.113067627,449.8732910156,467.895111084,NA,NA,NA,NA,2021-01-08,0.5444507599000001,21.251342773399983,NA,NA,愛媛県
JP-38,EHIME,2021-01-14,752.3278808594,715.1804199219,868.4280395508,15.9065732956,15.7749824524,18.9840526581,246.6510467529,227.7197265625,330.1911621094,468.1572875977,458.5256347656,479.6102600098,NA,NA,NA,NA,2021-01-08,0.5678844451999989,19.839050293000014,NA,NA,愛媛県
JP-38,EHIME,2021-01-15,771.3057861328,729.3401489258,903.4415893555,16.4940814972,16.3415374756,20.0585803986,255.7364349365,233.8408355713,352.1844482422,478.5606994629,467.6020507812,491.6272583008,NA,NA,NA,NA,2021-01-08,0.5875082016000004,18.977905273399983,NA,NA,愛媛県
JP-38,EHIME,2021-01-16,788.5033569336,742.3571777344,934.6942138672,17.0997257233,16.926738739,21.1427211761,263.083190918,238.4462280273,371.3795776367,489.2631225586,477.0386352539,503.7830505371,NA,NA,NA,NA,2021-01-08,0.6056442261000008,17.19757080080001,NA,NA,愛媛県
JP-38,EHIME,2021-01-17,804.7176513672,754.755065918,963.7854614258,17.7196617126,17.526309967,22.2356128693,269.0085449219,241.8665924072,388.1117553711,500.1663513184,486.7246398926,516.1679077148,NA,NA,NA,NA,2021-01-08,0.6199359893,16.214294433600003,NA,NA,愛媛県
JP-38,EHIME,2021-01-18,820.0732421875,766.6426391602,990.8668823242,18.352350235,18.1387481689,23.3356571198,273.7407531738,244.3299560547,402.6137695312,511.2250366211,496.6134338379,528.7266845703,NA,NA,NA,NA,2021-01-08,0.6326885223999987,15.355590820299994,NA,NA,愛媛県
JP-38,EHIME,2021-01-19,834.7018432617,778.1387939453,1015.8931274414,18.9922580719,18.7590503693,24.4320964813,277.4531555176,246.0001983643,415.0520019531,522.4567871094,506.7259521484,541.3023071289,NA,NA,NA,NA,2021-01-08,0.6399078369000009,14.628601074199992,NA,NA,愛媛県
JP-38,EHIME,2021-01-20,848.6603393555,789.2426757812,1039.1911621094,19.6392402649,19.3867931366,25.5272216797,280.3144836426,247.0370788574,425.6729431152,533.7150878906,516.911315918,553.8441772461,NA,NA,NA,NA,2021-01-08,0.6469821929999995,13.958496093800022,NA,NA,愛媛県
JP-38,EHIME,2021-01-21,862.0850830078,800.0721435547,1060.8878173828,20.28997612,20.0186977386,26.6162281036,282.4392700195,247.5424804688,434.6345825195,545.0626220703,527.2271118164,566.3636474609,NA,NA,NA,NA,2021-01-08,0.6507358550999989,13.42474365229998,NA,NA,愛媛県
JP-38,EHIME,2021-01-22,875.2760620117,810.8157348633,1081.8052978516,20.9434490204,20.653755188,27.6998329163,284.0807495117,247.7422943115,442.3678283691,556.4432373047,537.6165771484,578.9707641602,NA,NA,NA,NA,2021-01-08,0.6534729004000006,13.190979003899997,NA,NA,愛媛県
JP-38,EHIME,2021-01-23,887.5708007812,821.0977172852,1100.6453857422,21.6002159119,21.2925186157,28.7793903351,285.0233764648,247.4456787109,448.5572509766,567.8317260742,548.0540161133,591.6567993164,NA,NA,NA,NA,2021-01-08,0.656766891500002,12.294738769499986,NA,NA,愛媛県
JP-38,EHIME,2021-01-24,899.4698486328,831.1493530273,1118.4614257812,22.258895874,21.9338912964,29.8515071869,285.4518737793,246.8082122803,453.4964904785,579.1870117188,558.5009155273,604.3163452148,NA,NA,NA,NA,2021-01-08,0.658679962099999,11.899047851600017,NA,NA,愛媛県
JP-38,EHIME,2021-01-25,911.0436401367,841.0346679688,1135.3499755859,22.9197387695,22.5780601501,30.9167499542,285.4897460938,245.9307403564,457.4015197754,590.5057373047,568.9489135742,616.9251098633,NA,NA,NA,NA,2021-01-08,0.6608428955000001,11.573791503899997,NA,NA,愛媛県
JP-38,EHIME,2021-01-26,922.3497314453,850.8190307617,1151.7172851562,23.5786952972,23.2204322815,31.9758262634,285.1946716309,244.8636627197,460.4419250488,601.8434448242,579.4384155273,629.8330078125,NA,NA,NA,NA,2021-01-08,0.6589565276999991,11.306091308600003,NA,NA,愛媛県
JP-38,EHIME,2021-01-27,933.3898925781,860.4619750977,1167.421875,24.237033844,23.8625564575,33.0269889832,284.6653442383,243.6802062988,462.7633361816,613.0782470703,589.8559570312,642.6799316406,NA,NA,NA,NA,2021-01-08,0.6583385467999996,11.040161132799994,NA,NA,愛媛県
JP-38,EHIME,2021-01-28,944.2360839844,870.0306396484,1182.5506591797,24.8926391602,24.5020961761,34.0688400269,283.9118347168,242.3825531006,464.4107055664,624.3001098633,600.2811279297,655.5640869141,NA,NA,NA,NA,2021-01-08,0.6556053162000026,10.846191406300022,NA,NA,愛媛県
JP-38,EHIME,2021-01-29,955.0988769531,879.6330566406,1197.2760009766,25.5454158783,25.1392154694,35.0969390869,283.0926208496,241.0940856934,465.6268310547,635.4719848633,610.682434082,668.1786499023,NA,NA,NA,NA,2021-01-08,0.6527767180999966,10.862792968699978,NA,NA,愛媛県
JP-38,EHIME,2021-01-30,965.4039916992,888.9782104492,1210.4361572266,26.1967220306,25.7752456665,36.1139602661,281.9873046875,239.6226806641,466.0854797363,646.5807495117,621.0465087891,680.5631103516,NA,NA,NA,NA,2021-01-08,0.6513061523000019,10.305114746100003,NA,NA,愛媛県
JP-38,EHIME,2021-01-31,975.5386352539,898.2036743164,1222.9815673828,26.8461151123,26.409740448,37.1194038391,280.7068786621,238.0573577881,465.9912414551,657.6024780273,631.3497924805,692.6845703125,NA,NA,NA,NA,2021-01-08,0.6493930817000013,10.134643554700006,NA,NA,愛媛県
JP-38,EHIME,2021-02-01,985.5438842773,907.3555908203,1234.9415283203,27.4944114685,27.0434474945,38.1147689819,279.3195800781,236.450012207,465.4761962891,668.5441894531,641.5975341797,704.5225219727,NA,NA,NA,NA,2021-01-08,0.6482963561999995,10.005249023399983,NA,NA,愛媛県
JP-38,EHIME,2021-02-02,995.4443969727,916.4788208008,1246.0749511719,28.1380310059,27.6732082367,39.0908050537,277.833770752,234.7988128662,464.5464782715,679.4680175781,651.852722168,715.9439697266,NA,NA,NA,NA,2021-01-08,0.6436195373999993,9.900512695400039,NA,NA,愛媛県
JP-38,EHIME,2021-02-03,1005.229309082,925.5405883789,1257.1646728516,28.7788677216,28.3004360199,40.0595664978,276.3247680664,233.1755981445,463.4356994629,690.2618408203,662.0020141602,727.4229736328,NA,NA,NA,NA,2021-01-08,0.6408367157000008,9.784912109299967,NA,NA,愛媛県
JP-38,EHIME,2021-02-04,1014.9442749023,934.5880737305,1267.9857177734,29.415184021,28.9236660004,41.0156555176,274.7655639648,231.5476531982,462.0852355957,701.0193481445,672.1338500977,738.8449707031,NA,NA,NA,NA,2021-01-08,0.6363162994000007,9.714965820299994,NA,NA,愛媛県
JP-38,EHIME,2021-02-05,1024.7700195312,943.7108764648,1279.1900634766,30.0473308563,29.542930603,41.9638214111,273.2841796875,230.0233459473,460.7530212402,711.7091674805,682.2127075195,750.3739013672,NA,NA,NA,NA,2021-01-08,0.6321468352999986,9.825744628899997,NA,NA,愛媛県
JP-39,KOCHI,2021-01-09,728.9688720703,724.473449707,739.8848876953,10.1299715042,10.112361908,10.5517816544,77.5431747437,76.2640762329,83.1110458374,636.2899169922,633.5144042969,640.3184204102,NA,NA,NA,NA,2021-01-08,0.12997150420000025,7.9688720702999944,NA,NA,高知県
JP-39,KOCHI,2021-01-10,736.0086669922,727.1290283203,757.2171020508,10.2703638077,10.2365627289,11.0809698105,75.9211044312,73.5380172729,86.286026001,642.6704711914,637.3469848633,650.2757568359,NA,NA,NA,NA,2021-01-08,0.14039230350000054,7.039794921900011,NA,NA,高知県
JP-39,KOCHI,2021-01-11,742.2662353516,729.4194946289,772.7297363281,10.4155426025,10.3668470383,11.585316658,74.9550704956,71.5953903198,89.5648193359,649.075012207,641.4085693359,659.977355957,NA,NA,NA,NA,2021-01-08,0.14517879479999962,6.257568359400011,NA,NA,高知県
JP-39,KOCHI,2021-01-12,747.8747558594,731.5405273438,786.3928833008,10.5611200333,10.4985952377,12.06437397,74.0936584473,69.8748168945,92.4368209839,655.4530639648,645.6298217773,669.3652954102,NA,NA,NA,NA,2021-01-08,0.14557743079999952,5.6085205077999944,NA,NA,高知県
JP-39,KOCHI,2021-01-13,752.9226074219,733.5493164062,798.3812866211,10.7055215836,10.6301574707,12.5180873871,73.0792388916,68.1197052002,94.6415481567,661.7420654297,649.9325561523,678.4334716797,NA,NA,NA,NA,2021-01-08,0.14440155029999957,5.0478515625,NA,NA,高知県
JP-39,KOCHI,2021-01-14,757.5183105469,735.50390625,808.8571777344,10.847029686,10.7596759796,12.9477376938,71.8420791626,66.2585449219,96.1133880615,667.9230957031,654.2849731445,687.1309814453,NA,NA,NA,NA,2021-01-08,0.14150810240000133,4.595703125,NA,NA,高知県
JP-39,KOCHI,2021-01-15,761.807800293,737.4626464844,818.1966552734,10.9851064682,10.8863515854,13.3550443649,70.4127578735,64.3145370483,96.9174118042,673.9689941406,658.6353759766,695.5042724609,NA,NA,NA,NA,2021-01-08,0.13807678219999886,4.289489746100003,NA,NA,高知県
JP-39,KOCHI,2021-01-16,765.6268920898,739.2979736328,826.0054321289,11.1197595596,11.0104064941,13.7391738892,68.7374801636,62.2330856323,96.9956283569,679.8674316406,662.9729003906,703.387878418,NA,NA,NA,NA,2021-01-08,0.1346530914000006,3.8190917967999667,NA,NA,高知県
JP-39,KOCHI,2021-01-17,769.1682128906,741.1087646484,832.7339477539,11.2505197525,11.1313848495,14.10044384,66.8877944946,60.0745429993,96.4712142944,685.5952758789,667.2663574219,710.8050537109,NA,NA,NA,NA,2021-01-08,0.1307601929000004,3.5413208008000083,NA,NA,高知県
JP-39,KOCHI,2021-01-18,772.4746704102,742.904296875,838.6715698242,11.3774938583,11.2492837906,14.4412145615,64.9203872681,57.8844108582,95.4578094482,691.1465454102,671.4973754883,717.9144897461,NA,NA,NA,NA,2021-01-08,0.12697410579999868,3.3064575196000305,NA,NA,高知県
JP-39,KOCHI,2021-01-19,775.5865478516,744.6981201172,843.9901733398,11.4999694824,11.3633441925,14.762137413,62.8826179504,55.6984825134,94.0554122925,696.5280761719,675.6625976562,724.7905273438,NA,NA,NA,NA,2021-01-08,0.12247562409999979,3.1118774413999972,NA,NA,高知県
JP-39,KOCHI,2021-01-20,778.526184082,746.473449707,848.8590087891,11.6183366776,11.4737520218,15.0656995773,60.8111457825,53.542678833,92.3496704102,701.7185058594,679.7258911133,731.4799194336,NA,NA,NA,NA,2021-01-08,0.11836719520000116,2.9396362303999695,NA,NA,高知県
JP-39,KOCHI,2021-01-21,781.3291015625,748.2583618164,853.1513671875,11.7323274612,11.5804281235,15.3505868912,58.736415863,51.4365463257,90.4083175659,706.7348022461,683.7093505859,737.7977905273,NA,NA,NA,NA,2021-01-08,0.11399078360000026,2.802917480500014,NA,NA,高知県
JP-39,KOCHI,2021-01-22,784.0588378906,750.0797729492,856.9094238281,11.8421144485,11.6836948395,15.616476059,56.7052345276,49.4140892029,88.3277740479,711.5736694336,687.60546875,743.6300048828,NA,NA,NA,NA,2021-01-08,0.1097869872999997,2.729736328099989,NA,NA,高知県
JP-39,KOCHI,2021-01-23,786.595703125,751.8574829102,860.1394042969,11.9481468201,11.7836856842,15.8672132492,54.6859283447,47.4427871704,86.0908203125,716.2405395508,691.4030151367,749.2094116211,NA,NA,NA,NA,2021-01-08,0.10603237159999956,2.536865234400011,NA,NA,高知県
JP-39,KOCHI,2021-01-24,789.0422363281,753.6279907227,863.0180664062,12.0504541397,11.8803920746,16.1032505035,52.7102966309,45.544834137,83.7672042847,720.7335205078,695.094543457,754.4639282227,NA,NA,NA,NA,2021-01-08,0.1023073195999995,2.446533203099989,NA,NA,高知県
JP-39,KOCHI,2021-01-25,791.4153442383,755.4030151367,865.5811157227,12.1493673325,11.974149704,16.3254737854,50.7987251282,43.7332191467,81.4095153809,725.0602416992,698.6856689453,759.3954467773,NA,NA,NA,NA,2021-01-08,0.09891319280000133,2.3731079102000194,NA,NA,高知県
JP-39,KOCHI,2021-01-26,793.7280273438,757.1932373047,867.8862915039,12.2445373535,12.0645961761,16.5342845917,48.9613113403,42.0124664307,79.053352356,729.2368774414,702.189453125,764.0526733398,NA,NA,NA,NA,2021-01-08,0.0951700209999995,2.312683105500014,NA,NA,高知県
JP-39,KOCHI,2021-01-27,795.9830322266,758.989074707,869.721862793,12.3364048004,12.1523256302,16.7288208008,47.204788208,40.3835639954,76.7206115723,733.2552490234,705.5960693359,768.1888427734,NA,NA,NA,NA,2021-01-08,0.09186744690000026,2.2550048827999944,NA,NA,高知県
JP-39,KOCHI,2021-01-28,798.1953125,760.7924194336,871.3895263672,12.4249362946,12.2370204926,16.9120674133,45.5308799744,38.8455886841,74.435256958,737.1358642578,708.9118041992,772.0940551758,NA,NA,NA,NA,2021-01-08,0.08853149419999973,2.2122802733999833,NA,NA,高知県
JP-39,KOCHI,2021-01-29,800.4049682617,762.6093139648,873.1901245117,12.5103940964,12.3187036514,17.0868644714,43.9588737488,37.4124908447,72.2458648682,740.8814697266,712.1251220703,775.9696044922,NA,NA,NA,NA,2021-01-08,0.08545780180000051,2.2096557616999917,NA,NA,高知県
JP-39,KOCHI,2021-01-30,802.5054931641,764.3896484375,874.8978881836,12.5931901932,12.3977928162,17.2542095184,42.4473419189,36.046421051,70.0950622559,744.5004272461,715.2424926758,779.8349609375,NA,NA,NA,NA,2021-01-08,0.08279609679999922,2.100524902400025,NA,NA,高知県
JP-39,KOCHI,2021-01-31,804.5715942383,766.1647338867,876.5633544922,12.6733779907,12.4745368958,17.4130344391,41.0080871582,34.7549743652,68.0082550049,747.9940795898,718.2730102539,783.5562133789,NA,NA,NA,NA,2021-01-08,0.08018779750000071,2.0661010741999917,NA,NA,高知県
JP-39,KOCHI,2021-02-01,806.6114501953,767.9317626953,878.3979492188,12.7512664795,12.5490322113,17.5659179688,39.6472892761,33.5418586731,66.0074234009,751.3704833984,721.2123413086,787.335144043,NA,NA,NA,NA,2021-01-08,0.07788848879999932,2.039855956999986,NA,NA,高知県
JP-39,KOCHI,2021-02-02,808.6293334961,769.7048950195,880.0944824219,12.8265752792,12.6211881638,17.7105121613,38.3650360107,32.4046821594,64.0939941406,754.643737793,724.0802001953,790.8889770508,NA,NA,NA,NA,2021-01-08,0.07530879970000015,2.0178833008000083,NA,NA,高知県
JP-39,KOCHI,2021-02-03,810.6231689453,771.4668579102,881.897277832,12.8997030258,12.6912050247,17.8496894836,37.1594581604,31.3409900665,62.2751579285,757.8082885742,726.8606567383,794.4384765625,NA,NA,NA,NA,2021-01-08,0.0731277465999991,1.9938354491999917,NA,NA,高知県
JP-39,KOCHI,2021-02-04,812.6010742188,773.2385864258,883.6560668945,12.9705886841,12.7592353821,17.9820346832,36.0267372131,30.3460922241,60.5469207764,760.8807373047,729.5809326172,797.8492431641,NA,NA,NA,NA,2021-01-08,0.07088565830000171,1.9779052735000278,NA,NA,高知県
JP-39,KOCHI,2021-02-05,814.5961303711,775.0389404297,885.530456543,13.0394296646,12.825630188,18.1077442169,34.9791679382,29.4293651581,58.9359321594,763.8634033203,732.2466430664,801.2053222656,NA,NA,NA,NA,2021-01-08,0.0688409804999992,1.9950561522999806,NA,NA,高知県
JP-40,FUKUOKA,2021-01-09,10675.4296875,10597.0654296875,10899.28125,126.1205673218,125.9076919556,131.2127990723,2440.5776367188,2400.6416015625,2615.6069335938,8072.1088867188,8036.9619140625,8109.2778320312,NA,NA,NA,NA,2021-01-08,1.1205673217999959,307.4296875,NA,NA,福岡県
JP-40,FUKUOKA,2021-01-10,10963.54296875,10808.1953125,11416.921875,127.4951095581,127.085395813,137.2976379395,2624.4035644531,2542.7504882812,2982.6169433594,8176.2104492188,8108.5766601562,8249.51953125,NA,NA,NA,NA,2021-01-08,1.3745422363000017,288.11328125,NA,NA,福岡県
JP-40,FUKUOKA,2021-01-11,11308.6767578125,11074.2109375,12005.3134765625,128.9831695557,128.3909912109,143.1488800049,2850.1657714844,2723.5744628906,3405.7385253906,8287.810546875,8190.02734375,8394.4853515625,NA,NA,NA,NA,2021-01-08,1.48805999759999,345.1337890625,NA,NA,福岡県
JP-40,FUKUOKA,2021-01-12,11621.0029296875,11311.771484375,12553.4296875,130.6292877197,129.8670043945,148.8574829102,3042.9270019531,2871.2331542969,3796.3190917969,8409.9912109375,8284.0732421875,8547.7509765625,NA,NA,NA,NA,2021-01-08,1.6461181640000007,312.326171875,NA,NA,福岡県
JP-40,FUKUOKA,2021-01-13,11960.8330078125,11575.263671875,13137.4306640625,132.376449585,131.4552154541,154.3972320557,3248.9653320312,3030.458984375,4207.5454101562,8539.2861328125,8387.0361328125,8705.841796875,NA,NA,NA,NA,2021-01-08,1.7471618653000007,339.830078125,NA,NA,福岡県
JP-40,FUKUOKA,2021-01-14,12234.3681640625,11782.2822265625,13626.1201171875,134.2557220459,133.1854248047,159.8365936279,3389.9501953125,3128.7963867188,4534.9555664062,8677.767578125,8500.736328125,8871.7978515625,NA,NA,NA,NA,2021-01-08,1.8792724609000118,273.53515625,NA,NA,福岡県
JP-40,FUKUOKA,2021-01-15,12536.4697265625,12015.06640625,14151.55078125,136.1876220703,134.9773101807,165.1092224121,3543.6538085938,3239.3579101562,4876.9072265625,8821.5,8621.10546875,9041.6591796875,NA,NA,NA,NA,2021-01-08,1.9319000243999938,302.1015625,NA,NA,福岡県
JP-40,FUKUOKA,2021-01-16,12831.05859375,12244.6494140625,14658.2958984375,138.2287139893,136.8861236572,170.3059539795,3686.9206542969,3340.8928222656,5201.7700195312,8971.6572265625,8749.1416015625,9217.119140625,NA,NA,NA,NA,2021-01-08,2.041091918999996,294.5888671875,NA,NA,福岡県
JP-40,FUKUOKA,2021-01-17,13141.1220703125,12489.7666015625,15180.67578125,140.3608703613,138.8930969238,175.4209136963,3837.5524902344,3449.7253417969,5533.8735351562,9127.462890625,8883.962890625,9396.5322265625,NA,NA,NA,NA,2021-01-08,2.132156371999997,310.0634765625,NA,NA,福岡県
JP-40,FUKUOKA,2021-01-18,13442.0927734375,12730.271484375,15681.9345703125,142.6033630371,141.0157165527,180.5113525391,3975.4672851562,3547.8505859375,5844.4267578125,9289.5009765625,9025.953125,9582.3359375,NA,NA,NA,NA,2021-01-08,2.2424926758000083,300.970703125,NA,NA,福岡県
JP-40,FUKUOKA,2021-01-19,13746.470703125,12975.8447265625,16180.5419921875,144.9233551025,143.2215270996,185.5439300537,4109.2353515625,3643.1108398438,6144.9638671875,9457.8564453125,9175.1162109375,9773.3876953125,NA,NA,NA,NA,2021-01-08,2.3199920654000152,304.3779296875,NA,NA,福岡県
JP-40,FUKUOKA,2021-01-20,14049.11328125,13222.3759765625,16668.71484375,147.3324584961,145.521194458,190.5503845215,4236.935546875,3733.8879394531,6432.333984375,9630.78515625,9329.6474609375,9968.1689453125,NA,NA,NA,NA,2021-01-08,2.4091033935999917,302.642578125,NA,NA,福岡県
JP-40,FUKUOKA,2021-01-21,14366.578125,13483.4716796875,17172.330078125,149.8186187744,147.9022674561,195.5262908936,4372.1650390625,3832.1774902344,6727.1376953125,9809.279296875,9490.4287109375,10167.380859375,NA,NA,NA,NA,2021-01-08,2.486160278299991,317.46484375,NA,NA,福岡県
JP-40,FUKUOKA,2021-01-22,14687.7666015625,13750.6572265625,17674.271484375,152.3961486816,150.3778686523,200.5118255615,4506.794921875,3930.7902832031,7017.494140625,9993.2841796875,9657.296875,10372.455078125,NA,NA,NA,NA,2021-01-08,2.5775299072000166,321.1884765625,NA,NA,福岡県
JP-40,FUKUOKA,2021-01-23,14994.720703125,14008.5283203125,18144.326171875,155.064956665,152.9480438232,205.508895874,4623.9169921875,4014.9846191406,7276.59765625,10182.24609375,9829.677734375,10581.328125,NA,NA,NA,NA,2021-01-08,2.6688079834000007,306.9541015625,NA,NA,福岡県
JP-40,FUKUOKA,2021-01-24,15315.0732421875,14278.5029296875,18629.3828125,157.8122406006,155.5999298096,210.505859375,4747.6123046875,4105.73828125,7541.9580078125,10375.1259765625,10006.517578125,10792.283203125,NA,NA,NA,NA,2021-01-08,2.747283935599995,320.3525390625,NA,NA,福岡県
JP-40,FUKUOKA,2021-01-25,15637.7109375,14553.087890625,19108.810546875,160.6617126465,158.3569641113,215.5433502197,4870.2158203125,4196.3403320312,7801.81640625,10572.5380859375,10188.3564453125,11006.248046875,NA,NA,NA,NA,2021-01-08,2.8494720459000007,322.6376953125,NA,NA,福岡県
JP-40,FUKUOKA,2021-01-26,15978.33203125,14844.279296875,19611.30078125,163.589630127,161.1945953369,220.6069641113,5003.9111328125,4297.2583007812,8076.197265625,10775.357421875,10375.9501953125,11225.322265625,NA,NA,NA,NA,2021-01-08,2.9279174804999855,340.62109375,NA,NA,福岡県
JP-40,FUKUOKA,2021-01-27,16329.587890625,15146.5185546875,20125.0703125,166.6205596924,164.1363525391,225.7398529053,5144.71484375,4404.9604492188,8359.2373046875,10982.1142578125,10567.8154296875,11448.2919921875,NA,NA,NA,NA,2021-01-08,3.0309295654000152,351.255859375,NA,NA,福岡県
JP-40,FUKUOKA,2021-01-28,16691.857421875,15460.0751953125,20649.94921875,169.7483520508,167.1762695312,230.9386138916,5290.94921875,4517.9311523438,8648.5,11194.611328125,10765.6669921875,11676.798828125,NA,NA,NA,NA,2021-01-08,3.1277923584000007,362.26953125,NA,NA,福岡県
JP-40,FUKUOKA,2021-01-29,17068.193359375,15787.158203125,21190.568359375,172.9781036377,170.3197479248,236.208190918,5445.6162109375,4638.6450195312,8949.0078125,11412.4716796875,10969.1240234375,11909.3623046875,NA,NA,NA,NA,2021-01-08,3.2297515868999938,376.3359375,NA,NA,福岡県
JP-40,FUKUOKA,2021-01-30,17419.046875,16096.2666015625,21679.916015625,176.3239898682,173.5798187256,241.5826416016,5573.1479492188,4736.7963867188,9202.474609375,11635.4404296875,11177.8740234375,12146.951171875,NA,NA,NA,NA,2021-01-08,3.3458862304999855,350.853515625,NA,NA,福岡県
JP-40,FUKUOKA,2021-01-31,17775.626953125,16409.888671875,22176.44921875,179.7581634521,176.9290313721,247.0288543701,5699.79296875,4834.7724609375,9451.9794921875,11862.052734375,11390.4873046875,12388.22265625,NA,NA,NA,NA,2021-01-08,3.4341735839000194,356.580078125,NA,NA,福岡県
JP-40,FUKUOKA,2021-02-01,18138.72265625,16730.404296875,22679.462890625,183.3037567139,180.3899078369,252.5860290527,5828.9184570312,4935.40625,9703.3740234375,12092.5771484375,11607.189453125,12634.0205078125,NA,NA,NA,NA,2021-01-08,3.5455932617999792,363.095703125,NA,NA,福岡県
JP-40,FUKUOKA,2021-02-02,18534.501953125,17078.5859375,23239.2109375,186.9413757324,183.941192627,258.2569580078,5983.19921875,5057.9208984375,9995.498046875,12328.2724609375,11829.0693359375,12889.76171875,NA,NA,NA,NA,2021-01-08,3.637619018500004,395.779296875,NA,NA,福岡県
JP-40,FUKUOKA,2021-02-03,18929.076171875,17428.81640625,23788.44140625,190.7127685547,187.6261138916,264.0711364746,6135.1635742188,5178.8754882812,10281.8759765625,12567.9521484375,12055.0478515625,13148.5830078125,NA,NA,NA,NA,2021-01-08,3.7713928223000153,394.57421875,NA,NA,福岡県
JP-40,FUKUOKA,2021-02-04,19344.2734375,17796.62890625,24369.318359375,194.5880889893,191.4146881104,269.9985046387,6300.1420898438,5311.23046875,10588.5947265625,12813.2939453125,12286.701171875,13413.74609375,NA,NA,NA,NA,2021-01-08,3.8753204345999848,415.197265625,NA,NA,福岡県
JP-40,FUKUOKA,2021-02-05,19755.736328125,18163.919921875,24935.921875,198.5882415771,195.3274078369,276.0667724609,6457.6655273438,5437.6528320312,10881.2216796875,13064.3525390625,12524.0537109375,13684.2939453125,NA,NA,NA,NA,2021-01-08,4.000152587800017,411.462890625,NA,NA,福岡県
JP-41,SAGA,2021-01-09,592.8434448242,588.0852050781,606.0106201172,3.1038169861,3.0984921455,3.2301664352,118.5139541626,116.5944900513,127.0988922119,461.5053710938,459.4785461426,464.2272033691,NA,NA,NA,NA,2021-01-08,0.10381698610000001,26.84344482419999,NA,NA,佐賀県
JP-41,SAGA,2021-01-10,609.6630249023,599.7826538086,636.9877929688,3.2297775745,3.2191467285,3.4810209274,126.5750198364,122.6725921631,144.0024414062,466.6748352051,462.7813110352,471.8597106934,NA,NA,NA,NA,2021-01-08,0.1259605883999999,16.81958007809999,NA,NA,佐賀県
JP-41,SAGA,2021-01-11,624.7384033203,610.0289306641,665.8129882812,3.3701434135,3.3541731834,3.7461950779,135.1265106201,129.1725616455,161.671661377,472.3493652344,466.7279052734,479.8033447266,NA,NA,NA,NA,2021-01-08,0.14036583900000021,15.075378418000014,NA,NA,佐賀県
JP-41,SAGA,2021-01-12,638.3147583008,619.2282104492,692.2269287109,3.51968503,3.4983370304,4.0207605362,142.926361084,134.9179229736,178.5648498535,478.4511413574,471.2239990234,488.0153198242,NA,NA,NA,NA,2021-01-08,0.14954161650000009,13.576354980500014,NA,NA,佐賀県
JP-41,SAGA,2021-01-13,650.5564575195,627.5454101562,716.1789550781,3.6760966778,3.6493477821,4.3021864891,149.5116424561,139.5158538818,193.9073638916,484.8388671875,476.1191101074,496.3133850098,NA,NA,NA,NA,2021-01-08,0.15641164779999972,12.241699218699978,NA,NA,佐賀県
JP-41,SAGA,2021-01-14,661.6850585938,635.1693725586,737.7599487305,3.8370811939,3.8049435616,4.5875740051,154.8204956055,142.9522399902,207.4071502686,491.4952697754,481.3883972168,504.6209106445,NA,NA,NA,NA,2021-01-08,0.16098451610000009,11.128601074300036,NA,NA,佐賀県
JP-41,SAGA,2021-01-15,672.0471801758,642.3505859375,757.1722412109,4.0013809204,3.9640564919,4.8737807274,159.0369110107,145.4276733398,219.1203308105,498.3477172852,486.956817627,512.6159057617,NA,NA,NA,NA,2021-01-08,0.1642997264999999,10.362121581999986,NA,NA,佐賀県
JP-41,SAGA,2021-01-16,681.2028808594,648.7727050781,774.1078491211,4.1685419083,4.1260709763,5.1618208885,162.0335083008,146.8609466553,228.8060150146,505.3471679688,492.7528381348,520.6936035156,NA,NA,NA,NA,2021-01-08,0.1671609879,9.155700683600003,NA,NA,佐賀県
JP-41,SAGA,2021-01-17,689.6212158203,654.7481079102,789.3737792969,4.3374252319,4.2898788452,5.4499721527,164.045715332,147.4884643555,236.7079925537,512.4314575195,498.7079772949,528.7976074219,NA,NA,NA,NA,2021-01-08,0.16888332360000025,8.418334960899983,NA,NA,佐賀県
JP-41,SAGA,2021-01-18,697.4009399414,660.3541870117,803.1187744141,4.507645607,4.4551038742,5.7376594543,165.249130249,147.480758667,243.0288391113,519.5632324219,504.7793884277,536.8927612305,NA,NA,NA,NA,2021-01-08,0.17022037509999954,7.779724121100003,NA,NA,佐賀県
JP-41,SAGA,2021-01-19,704.6400756836,665.6716918945,815.4603271484,4.677585125,4.620153904,6.0226521492,165.7722625732,146.9589691162,247.9309844971,526.7473144531,510.9659118652,544.9627685547,NA,NA,NA,NA,2021-01-08,0.1699395180000005,7.2391357422000056,NA,NA,佐賀県
JP-41,SAGA,2021-01-20,711.3931274414,670.7166137695,826.623840332,4.8472714424,4.7850623131,6.3050136566,165.7542877197,146.0499420166,251.622756958,533.8867797852,517.1686401367,552.9622802734,NA,NA,NA,NA,2021-01-08,0.16968631740000006,6.7530517577999944,NA,NA,佐賀県
JP-41,SAGA,2021-01-21,717.7495117188,675.5645141602,836.8327636719,5.0157995224,4.9489393234,6.5837264061,165.2750396729,144.8246765137,254.2410125732,541.0162963867,523.4163818359,561.0045166016,NA,NA,NA,NA,2021-01-08,0.16852807999999975,6.356384277400025,NA,NA,佐賀県
JP-41,SAGA,2021-01-22,723.8651123047,680.3084716797,846.4122314453,5.1829338074,5.111553669,6.8584589958,164.4873809814,143.4144744873,256.0361022949,548.0991210938,529.6687011719,569.046875,NA,NA,NA,NA,2021-01-08,0.16713428500000038,6.115600585899983,NA,NA,佐賀県
JP-41,SAGA,2021-01-23,729.4598999023,684.7809448242,854.7008666992,5.3488707542,5.2730927467,7.1291999817,163.3162841797,141.7483520508,256.8998413086,555.1159057617,535.9017944336,576.9606323242,NA,NA,NA,NA,2021-01-08,0.1659369467999996,5.594787597599975,NA,NA,佐賀県
JP-41,SAGA,2021-01-24,734.7796020508,689.1005859375,862.2557373047,5.5133399963,5.4332904816,7.3955931664,161.8732757568,139.919921875,257.0273742676,562.0463867188,542.0927124023,584.7290649414,NA,NA,NA,NA,2021-01-08,0.16446924210000002,5.319702148500028,NA,NA,佐賀県
JP-41,SAGA,2021-01-25,739.8693237305,693.3063354492,869.1857910156,5.6765036583,5.5923047066,7.6579470634,160.2320098877,137.9881286621,256.5596618652,568.8885498047,548.2365722656,592.3706054688,NA,NA,NA,NA,2021-01-08,0.16316366199999965,5.0897216797000056,NA,NA,佐賀県
JP-41,SAGA,2021-01-26,744.7649536133,697.432800293,875.5255737305,5.8372664452,5.7490525246,7.914814949,158.4226531982,135.9731140137,255.5659484863,575.6742553711,554.3610839844,599.9048461914,NA,NA,NA,NA,2021-01-08,0.16076278690000034,4.8956298827999944,NA,NA,佐賀県
JP-41,SAGA,2021-01-27,749.4780273438,701.4690551758,881.4608154297,5.9960818291,5.903983593,8.1670312881,156.5179443359,133.93309021,254.1935577393,582.3335571289,560.3975219727,607.3411254883,NA,NA,NA,NA,2021-01-08,0.15881538390000038,4.713073730500014,NA,NA,佐賀県
JP-41,SAGA,2021-01-28,754.0477905273,705.4496459961,886.9790649414,6.1524291039,6.0565853119,8.4137620926,154.5182037354,131.8619384766,252.4593505859,588.9189453125,566.3937988281,614.6782226562,NA,NA,NA,NA,2021-01-08,0.15634727479999988,4.569763183499958,NA,NA,佐賀県
JP-41,SAGA,2021-01-29,758.567199707,709.4183959961,892.1734008789,6.3063640594,6.2069020271,8.6548156738,152.5031433105,129.8210144043,250.5034179688,595.4107666016,572.3267822266,621.7793579102,NA,NA,NA,NA,2021-01-08,0.15393495549999958,4.5194091797000056,NA,NA,佐賀県
JP-41,SAGA,2021-01-30,762.8114624023,713.2581787109,896.7105712891,6.4582901001,6.3553256989,8.8912534714,150.3896942139,127.7369003296,248.2199249268,601.8009643555,578.1862182617,628.7601928711,NA,NA,NA,NA,2021-01-08,0.15192604070000026,4.2442626952999944,NA,NA,佐賀県
JP-41,SAGA,2021-01-31,766.9451904297,717.0293579102,900.9738769531,6.6081986427,6.5018424988,9.123093605,148.2328338623,125.6520385742,245.7139434814,608.0814208984,583.9624633789,635.5917358398,NA,NA,NA,NA,2021-01-08,0.14990854259999953,4.133728027400025,NA,NA,佐賀県
JP-41,SAGA,2021-02-01,770.990234375,720.7536621094,904.985168457,6.7563743591,6.6467261314,9.3507814407,146.0643920898,123.5893859863,243.0526580811,614.2579345703,589.6594238281,642.2669677734,NA,NA,NA,NA,2021-01-08,0.14817571639999993,4.0450439452999944,NA,NA,佐賀県
JP-41,SAGA,2021-02-02,774.9620361328,724.4606933594,909.2221069336,6.9019699097,6.7891287804,9.574669838,143.8838348389,121.5503005981,240.2855072021,620.3649291992,595.3100585938,649.2590332031,NA,NA,NA,NA,2021-01-08,0.1455955506000004,3.9718017577999944,NA,NA,佐賀県
JP-41,SAGA,2021-02-03,778.8580932617,728.118347168,913.1112060547,7.0454549789,6.9295158386,9.7936267853,141.7373962402,119.5628662109,237.4544525146,626.3440551758,600.8541259766,655.92578125,NA,NA,NA,NA,2021-01-08,0.1434850691999996,3.8960571288999972,NA,NA,佐賀県
JP-41,SAGA,2021-02-04,782.7002563477,731.7545776367,916.7409667969,7.1864562035,7.0675258636,10.0073328018,139.6043548584,117.6082382202,234.5428009033,632.2470092773,606.3411254883,662.395324707,NA,NA,NA,NA,2021-01-08,0.14100122460000009,3.8421630860000278,NA,NA,佐賀県
JP-41,SAGA,2021-02-05,786.5601806641,735.4102172852,920.6527709961,7.3251304626,7.203315258,10.2172412872,137.540802002,115.735168457,231.682220459,638.0588989258,611.756652832,668.9939575195,NA,NA,NA,NA,2021-01-08,0.13867425910000009,3.8599243163999972,NA,NA,佐賀県
JP-42,NAGASAKI,2021-01-09,874.317199707,860.4202880859,912.2890014648,7.40726614,7.3934960365,7.7291460037,248.6760101318,244.5859375,266.5487365723,530.5615234375,528.2224731445,534.5881958008,NA,NA,NA,NA,2021-01-08,0.40726613999999994,19.317199706999986,NA,NA,長崎県
JP-42,NAGASAKI,2021-01-10,894.6782226562,866.3759765625,970.6527709961,7.8309516907,7.8033652306,8.4781904221,242.4133453369,234.8286132812,275.5927429199,544.1604614258,539.6092529297,552.1658935547,NA,NA,NA,NA,2021-01-08,0.42368555070000014,20.36102294919999,NA,NA,長崎県
JP-42,NAGASAKI,2021-01-11,915.9218139648,872.8813476562,1029.7098388672,8.2729005814,8.2314710617,9.2482147217,237.1768951416,226.581741333,283.5720214844,557.8128662109,551.1692504883,569.6454467773,NA,NA,NA,NA,2021-01-08,0.4419488907,21.243591308600003,NA,NA,長崎県
JP-42,NAGASAKI,2021-01-12,938.02734375,880.0875244141,1089.5085449219,8.7309007645,8.675485611,10.0391321182,232.9215240479,219.7110290527,290.8759460449,571.5690917969,562.9424438477,587.2432861328,NA,NA,NA,NA,2021-01-08,0.45800018309999935,22.10552978520002,NA,NA,長崎県
JP-42,NAGASAKI,2021-01-13,960.8641967773,887.9182128906,1149.8336181641,9.2072505951,9.1377830505,10.851855278,229.5893707275,214.0786895752,297.7629699707,585.4107666016,574.8972167969,604.9570922852,NA,NA,NA,NA,2021-01-08,0.47634983060000025,22.83685302729998,NA,NA,長崎県
JP-42,NAGASAKI,2021-01-14,984.4310913086,896.4872436523,1210.4249267578,9.7018013,9.6182365417,11.6850881577,227.06980896,209.5123748779,304.3619995117,599.4592895508,587.1442260742,622.7909545898,NA,NA,NA,NA,2021-01-08,0.49455070489999997,23.566894531300022,NA,NA,長崎県
JP-42,NAGASAKI,2021-01-15,1009.2047729492,906.0982055664,1271.8323974609,10.2142248154,10.1164608002,12.5377225876,225.409576416,205.9925231934,310.9317016602,613.6166381836,599.5837402344,640.3005981445,NA,NA,NA,NA,2021-01-08,0.5124235154000001,24.77368164059999,NA,NA,長崎県
JP-42,NAGASAKI,2021-01-16,1033.7943115234,915.969909668,1331.2810058594,10.7453079224,10.6331748962,13.4111070633,224.4847412109,203.3560943604,317.4978637695,627.9112548828,612.2396850586,657.393371582,NA,NA,NA,NA,2021-01-08,0.5310831070000006,24.58953857419999,NA,NA,長崎県
JP-42,NAGASAKI,2021-01-17,1058.9936523438,926.6142578125,1390.4401855469,11.2948760986,11.1682348251,14.3051862717,224.2321624756,201.5111541748,324.1711425781,642.3909301758,625.1514282227,674.3359985352,NA,NA,NA,NA,2021-01-08,0.5495681761999993,25.19934082040004,NA,NA,長崎県
JP-42,NAGASAKI,2021-01-18,1084.7780761719,938.0572509766,1449.3569335938,11.8643341064,11.7229976654,15.2222948074,224.5972900391,200.3782196045,331.0275268555,657.0813598633,638.3371582031,691.2612304688,NA,NA,NA,NA,2021-01-08,0.5694580077999998,25.78442382809999,NA,NA,長崎県
JP-42,NAGASAKI,2021-01-19,1111.1744384766,950.3773803711,1508.0313720703,12.4523000717,12.2960796356,16.1607608795,225.5360870361,199.8919067383,338.1244812012,672.087097168,651.8919677734,708.3175048828,NA,NA,NA,NA,2021-01-08,0.5879659653000004,26.396362304700006,NA,NA,長崎県
JP-42,NAGASAKI,2021-01-20,1138.1040039062,963.5269775391,1566.4925537109,13.0603342056,12.8890542984,17.1231536865,227.0084381104,199.9969329834,345.5129394531,687.3424072266,665.7473144531,725.5439453125,NA,NA,NA,NA,2021-01-08,0.6080341339000004,26.92956542959996,NA,NA,長崎県
JP-42,NAGASAKI,2021-01-21,1165.6597900391,977.6071777344,1624.9395751953,13.6877202988,13.5012292862,18.1092014313,228.9481658936,200.6186065674,353.182800293,702.9659423828,680.0130004883,743.1474609375,NA,NA,NA,NA,2021-01-08,0.6273860932000002,27.55578613290004,NA,NA,長崎県
JP-42,NAGASAKI,2021-01-22,1194.3327636719,992.7900390625,1684.5650634766,14.3355703354,14.1336984634,19.1204433441,231.3808135986,201.7632904053,361.2387084961,718.9111328125,694.6390991211,761.069519043,NA,NA,NA,NA,2021-01-08,0.6478500365999995,28.672973632799994,NA,NA,長崎県
JP-42,NAGASAKI,2021-01-23,1222.5584716797,1008.4805297852,1741.7788085938,15.0051870346,14.7877378464,20.1589794159,234.1560974121,203.2872009277,369.5068969727,735.2336425781,709.6755371094,779.4190673828,NA,NA,NA,NA,2021-01-08,0.6696166992000006,28.225708007799994,NA,NA,長崎県
JP-42,NAGASAKI,2021-01-24,1251.2624511719,1024.9948730469,1798.703125,15.6947612762,15.4615478516,21.2220458984,237.2833557129,205.1858825684,378.0359802246,751.8904418945,725.0763549805,798.0604248047,NA,NA,NA,NA,2021-01-08,0.689574241599999,28.703979492200006,NA,NA,長崎県
JP-42,NAGASAKI,2021-01-25,1280.4993896484,1042.3198242188,1855.3883056641,16.4054737091,16.1563301086,22.3103370667,240.7555999756,207.4419555664,386.8392333984,768.8709716797,740.829284668,816.8559570312,NA,NA,NA,NA,2021-01-08,0.7107124329000012,29.236938476499972,NA,NA,長崎県
JP-42,NAGASAKI,2021-01-26,1310.3096923828,1060.5255126953,1911.8283691406,17.1356582642,16.8705635071,23.4210510254,244.5653839111,210.0414428711,395.9382629395,786.2775878906,757.0344238281,835.9138183594,NA,NA,NA,NA,2021-01-08,0.7301845550999992,29.81030273440001,NA,NA,長崎県
JP-42,NAGASAKI,2021-01-27,1340.6160888672,1079.5135498047,1968.1848144531,17.8868255615,17.6051540375,24.5593605042,248.6774139404,212.9465332031,405.3290710449,804.0169677734,773.5777587891,855.3283691406,NA,NA,NA,NA,2021-01-08,0.7511672973000003,30.30639648440001,NA,NA,長崎県
JP-42,NAGASAKI,2021-01-28,1371.5366210938,1099.3648681641,2024.6339111328,18.6578330994,18.358915329,25.7244281769,253.0592346191,216.1245574951,414.98046875,822.2017211914,790.5621337891,875.2023925781,NA,NA,NA,NA,2021-01-08,0.771007537900001,30.920532226600017,NA,NA,長崎県
JP-42,NAGASAKI,2021-01-29,1403.6247558594,1120.1917724609,2082.5834960938,19.4499416351,19.1335868835,26.9151477814,257.7592773438,219.6119232178,424.9789123535,840.7631225586,807.9396972656,895.3442382812,NA,NA,NA,NA,2021-01-08,0.7921085356999988,32.08813476559999,NA,NA,長崎県
JP-42,NAGASAKI,2021-01-30,1435.1348876953,1141.4678955078,2137.5432128906,20.2646369934,19.9306411743,28.1329421997,262.6132507324,223.2624359131,435.063873291,859.7692260742,825.7735595703,915.7490844727,NA,NA,NA,NA,2021-01-08,0.8146953582999998,31.510131835899983,NA,NA,長崎県
JP-42,NAGASAKI,2021-01-31,1467.123046875,1163.4619140625,2192.4924316406,21.0997886658,20.747549057,29.3778476715,267.6564025879,227.1036071777,445.3326721191,879.1599731445,843.9891967773,936.5674438477,NA,NA,NA,NA,2021-01-08,0.8351516723999985,31.988159179700006,NA,NA,長崎県
JP-42,NAGASAKI,2021-02-01,1499.6762695312,1186.1857910156,2247.7438964844,21.9568748474,21.585811615,30.652557373,272.8995056152,231.143081665,455.819519043,898.9168701172,862.5680541992,957.8142700195,NA,NA,NA,NA,2021-01-08,0.8570861816000033,32.55322265619998,NA,NA,長崎県
JP-42,NAGASAKI,2021-02-02,1532.8406982422,1209.69140625,2302.9558105469,22.8340110779,22.4439487457,31.950422287,278.3558959961,235.3856658936,466.5238342285,919.1549682617,881.6339111328,979.2939453125,NA,NA,NA,NA,2021-01-08,0.8771362304999997,33.16442871100003,NA,NA,長崎県
JP-42,NAGASAKI,2021-02-03,1566.5386962891,1233.8746337891,2358.2421875,23.7330245972,23.3242225647,33.2732810974,283.990814209,239.8023376465,477.4056396484,939.7659912109,901.096496582,1000.9674682617,NA,NA,NA,NA,2021-01-08,0.8990135192999986,33.69799804690001,NA,NA,長崎県
JP-42,NAGASAKI,2021-02-04,1600.8922119141,1258.8416748047,2414.0336914062,24.6526641846,24.2249107361,34.6229629517,289.785949707,244.3754425049,488.475189209,960.8724975586,921.0477905273,1023.2396240234,NA,NA,NA,NA,2021-01-08,0.919639587399999,34.353515625,NA,NA,長崎県
JP-42,NAGASAKI,2021-02-05,1636.5334472656,1284.7197265625,2472.1767578125,25.5945053101,25.1472053528,36.0040206909,295.8124694824,249.1652526855,499.8700256348,982.3926391602,941.40234375,1046.1090087891,NA,NA,NA,NA,2021-01-08,0.9418411255000017,35.64123535149997,NA,NA,長崎県
JP-43,KUMAMOTO,2021-01-09,2217.4821777344,2185.2395019531,2289.8176269531,28.6604156494,28.6067771912,29.9040412903,230.9223937988,227.1245422363,247.498260498,1710.9140625,1703.4538574219,1721.0792236328,NA,NA,NA,NA,2021-01-08,0.6604156494000009,45.48217773440001,NA,NA,熊本県
JP-43,KUMAMOTO,2021-01-10,2256.1323242188,2194.8974609375,2394.2976074219,29.3436222076,29.2401790619,31.752779007,241.3222351074,233.7787017822,274.296295166,1742.1228027344,1727.6915283203,1761.9968261719,NA,NA,NA,NA,2021-01-08,0.6832065581999984,38.65014648440001,NA,NA,熊本県
JP-43,KUMAMOTO,2021-01-11,2296.4250488281,2208.2553710938,2496.1254882812,30.0358295441,29.8859481812,33.5394744873,250.6940155029,239.510925293,299.6243286133,1771.9853515625,1751.0495605469,1800.9680175781,NA,NA,NA,NA,2021-01-08,0.692207336500001,40.29272460929997,NA,NA,熊本県
JP-43,KUMAMOTO,2021-01-12,2339.2426757812,2225.6389160156,2597.576171875,30.7400150299,30.5464363098,35.2786216736,259.7436218262,245.0336608887,324.1712036133,1802.3659667969,1775.3393554688,1840.1584472656,NA,NA,NA,NA,2021-01-08,0.7041854858000001,42.81762695309999,NA,NA,熊本県
JP-43,KUMAMOTO,2021-01-13,2384.3508300781,2246.6501464844,2698.6362304688,31.4614982605,31.2267341614,36.9811286926,268.5733337402,250.4532470703,348.0034179688,1834.2072753906,1801.4512939453,1880.5205078125,NA,NA,NA,NA,2021-01-08,0.7214832306000005,45.10815429690001,NA,NA,熊本県
JP-43,KUMAMOTO,2021-01-14,2424.2543945312,2266.2724609375,2786.1569824219,32.2016792297,31.9281291962,38.6506462097,276.5915527344,255.2274475098,370.2870178223,1867.6322021484,1829.466796875,1922.0483398438,NA,NA,NA,NA,2021-01-08,0.7401809691999972,39.90356445309999,NA,NA,熊本県
JP-43,KUMAMOTO,2021-01-15,2459.1374511719,2284.9370117188,2859.2529296875,32.9487609863,32.6388435364,40.2728271484,283.2715454102,258.8912963867,390.1860046387,1902.203125,1858.9189453125,1963.9702148438,NA,NA,NA,NA,2021-01-08,0.7470817566000036,34.88305664070003,NA,NA,熊本県
JP-43,KUMAMOTO,2021-01-16,2488.6000976562,2302.3879394531,2916.9072265625,33.6909751892,33.3470687866,41.8353500366,287.9906921387,260.9059143066,406.6880187988,1937.3374023438,1889.2100830078,2005.560546875,NA,NA,NA,NA,2021-01-08,0.7422142029000014,29.462646484299967,NA,NA,熊本県
JP-43,KUMAMOTO,2021-01-17,2513.7905273438,2319.1223144531,2961.7741699219,34.4147987366,34.0386810303,43.3343658447,290.6781311035,261.2425231934,419.549041748,1972.4519042969,1919.7467041016,2046.4340820312,NA,NA,NA,NA,2021-01-08,0.723823547399995,25.190429687600044,NA,NA,熊本県
JP-43,KUMAMOTO,2021-01-18,2537.8615722656,2336.4020996094,3001.15625,35.1155128479,34.7089347839,44.7662467957,291.6431274414,260.2058410645,429.1129760742,2006.9813232422,1949.9580078125,2086.1682128906,NA,NA,NA,NA,2021-01-08,0.7007141113000017,24.071044921799967,NA,NA,熊本県
JP-43,KUMAMOTO,2021-01-19,2560.3225097656,2353.8200683594,3034.0974121094,35.7923812866,35.3571777344,46.1292266846,291.1795043945,258.0702209473,435.7409362793,2040.9183349609,1979.8270263672,2124.4799804688,NA,NA,NA,NA,2021-01-08,0.6768684386999979,22.4609375,NA,NA,熊本県
JP-43,KUMAMOTO,2021-01-20,2581.6481933594,2371.6076660156,3061.6157226562,36.446434021,35.9843521118,47.4260482788,289.4027709961,254.9449157715,439.5895385742,2074.6245117188,2009.6878662109,2161.7858886719,NA,NA,NA,NA,2021-01-08,0.654052734400004,21.325683593800022,NA,NA,熊本県
JP-43,KUMAMOTO,2021-01-21,2602.3239746094,2389.4663085938,3086.5661621094,37.0763130188,36.5883407593,48.6627731323,286.5679016113,251.060333252,441.0847473145,2107.4228515625,2038.8374023438,2198.0378417969,NA,NA,NA,NA,2021-01-08,0.6298789977999988,20.67578125,NA,NA,熊本県
JP-43,KUMAMOTO,2021-01-22,2622.3903808594,2407.5322265625,3108.6213378906,37.6846694946,37.1723709106,49.8402442932,282.9335327148,246.6396026611,440.6369018555,2139.6403808594,2067.6118164062,2233.3159179688,NA,NA,NA,NA,2021-01-08,0.6083564758000009,20.06640625,NA,NA,熊本県
JP-43,KUMAMOTO,2021-01-23,2641.0927734375,2425.3117675781,3126.7839355469,38.2726478577,37.7372093201,50.9646224976,278.4476318359,241.6332092285,438.2171630859,2171.2097167969,2095.9184570312,2267.873046875,NA,NA,NA,NA,2021-01-08,0.5879783630999995,18.70239257809999,NA,NA,熊本県
JP-43,KUMAMOTO,2021-01-24,2660.2919921875,2443.2333984375,3145.7197265625,38.8395195007,38.2824172974,52.0334472656,273.4573364258,236.3321838379,434.393371582,2201.7900390625,2123.4331054688,2301.0402832031,NA,NA,NA,NA,2021-01-08,0.5668716429999989,19.19921875,NA,NA,熊本県
JP-43,KUMAMOTO,2021-01-25,2678.5002441406,2460.7866210938,3161.9665527344,39.3897628784,38.8123855591,53.0544700623,268.0819396973,230.8286743164,429.4038696289,2231.4538574219,2150.2160644531,2332.9296875,NA,NA,NA,NA,2021-01-08,0.5502433776999993,18.20825195309999,NA,NA,熊本県
JP-43,KUMAMOTO,2021-01-26,2698.4030761719,2478.6923828125,3183.2456054688,39.9218635559,39.3253936768,54.0316200256,262.7194519043,225.4575195312,423.9681091309,2259.9340820312,2175.998046875,2363.9836425781,NA,NA,NA,NA,2021-01-08,0.5321006775000043,19.902832031300022,NA,NA,熊本県
JP-43,KUMAMOTO,2021-01-27,2719.5932617188,2496.8388671875,3207.9968261719,40.4429016113,39.8284797668,54.9731636047,257.5709533691,220.3739013672,418.4430541992,2287.3286132812,2200.8715820312,2393.7333984375,NA,NA,NA,NA,2021-01-08,0.5210380553999983,21.19018554690001,NA,NA,熊本県
JP-43,KUMAMOTO,2021-01-28,2743.1870117188,2515.8664550781,3238.0737304688,40.9565048218,40.3256454468,55.8810920715,252.9893798828,215.8631896973,413.4459533691,2314.0314941406,2225.2153320312,2422.2377929688,NA,NA,NA,NA,2021-01-08,0.5136032105000012,23.59375,NA,NA,熊本県
JP-43,KUMAMOTO,2021-01-29,2768.650390625,2535.9643554688,3272.2153320312,41.4692687988,40.8226699829,56.7725105286,249.172958374,212.0845184326,409.3878173828,2340.4736328125,2249.4174804688,2450.6430664062,NA,NA,NA,NA,2021-01-08,0.5127639769999988,25.463378906199978,NA,NA,熊本県
JP-43,KUMAMOTO,2021-01-30,2792.556640625,2556.2575683594,3300.9526367188,41.9849662781,41.3235626221,57.6500205994,245.7329711914,208.6915588379,405.6607055664,2367.00390625,2273.8117675781,2478.7907714844,NA,NA,NA,NA,2021-01-08,0.5156974793000018,23.90625,NA,NA,熊本県
JP-43,KUMAMOTO,2021-01-31,2815.2565917969,2576.5329589844,3326.3962402344,42.4995994568,41.8234481812,58.5166473389,242.5018768311,205.5358428955,402.0497131348,2393.3588867188,2298.1015625,2507.0541992188,NA,NA,NA,NA,2021-01-08,0.5146331786999951,22.69995117190001,NA,NA,熊本県
JP-43,KUMAMOTO,2021-02-01,2836.0490722656,2596.44921875,3347.2478027344,43.0114746094,42.3203163147,59.3735580444,239.2751312256,202.4376983643,398.2521972656,2419.4677734375,2322.2001953125,2535.5927734375,NA,NA,NA,NA,2021-01-08,0.5118751525999983,20.792480468699978,NA,NA,熊本県
JP-43,KUMAMOTO,2021-02-02,2855.9045410156,2616.1184082031,3365.1591796875,43.5152549744,42.809841156,60.2038993835,236.0114593506,199.3519287109,394.1817321777,2445.2158203125,2346.0339355469,2563.171875,NA,NA,NA,NA,2021-01-08,0.5037803650000043,19.85546875,NA,NA,熊本県
JP-43,KUMAMOTO,2021-02-03,2875.3767089844,2635.4475097656,3382.564453125,44.0107879639,43.2917633057,61.0116844177,232.6496276855,196.2244110107,389.7749023438,2470.3876953125,2369.3869628906,2590.0734863281,NA,NA,NA,NA,2021-01-08,0.49553298949999913,19.472167968800022,NA,NA,熊本県
JP-43,KUMAMOTO,2021-02-04,2894.3471679688,2654.533203125,3398.97265625,44.4976272583,43.7656173706,61.7975120544,229.2401885986,193.0936431885,385.1361694336,2495.1384277344,2392.4013671875,2616.5266113281,NA,NA,NA,NA,2021-01-08,0.4868392943999993,18.97045898440001,NA,NA,熊本県
JP-43,KUMAMOTO,2021-02-05,2913.5361328125,2673.6286621094,3415.8625488281,44.9761962891,44.2316894531,62.561794281,225.8862762451,190.0413818359,380.4482421875,2519.5690917969,2415.1635742188,2642.4133300781,NA,NA,NA,NA,2021-01-08,0.4785690308000028,19.188964843699978,NA,NA,熊本県
JP-44,OITA,2021-01-09,824.8067016602,818.5826416016,841.5568847656,6.1756038666,6.1653051376,6.4235811234,163.2085723877,160.5265655518,174.8965759277,647.0942993164,644.2704467773,650.4108276367,NA,NA,NA,NA,2021-01-08,0.17560386660000038,16.80670166020002,NA,NA,大分県
JP-44,OITA,2021-01-10,840.7453613281,828.1529541016,874.532043457,6.3728981018,6.3525424004,6.8613052368,170.1325531006,164.8134155273,193.3015441895,652.7542114258,647.344543457,658.9702148438,NA,NA,NA,NA,2021-01-08,0.19729423519999933,15.93865966789997,NA,NA,大分県
JP-44,OITA,2021-01-11,855.9303588867,837.3181762695,906.1083984375,6.5855827332,6.55534935,7.3086657524,178.0678405762,170.1182098389,212.6852874756,658.802734375,651.0184326172,667.5881958008,NA,NA,NA,NA,2021-01-08,0.21268463140000016,15.184997558600003,NA,NA,大分県
JP-44,OITA,2021-01-12,870.4736328125,846.2836914062,936.1716308594,6.8091144562,6.7691607475,7.7620096207,185.9232177734,175.3791046143,231.8293151855,665.1909179688,655.2200317383,676.3107910156,NA,NA,NA,NA,2021-01-08,0.2235317229999998,14.543273925800008,NA,NA,大分県
JP-44,OITA,2021-01-13,884.4216308594,855.0712280273,964.720703125,7.0423107147,6.9927830696,8.2206573486,193.2652435303,180.1999969482,250.1290740967,671.8077392578,659.8200683594,685.0565795898,NA,NA,NA,NA,2021-01-08,0.23319625850000048,13.947998046900011,NA,NA,大分県
JP-44,OITA,2021-01-14,897.9019165039,863.7780151367,991.8125,7.2833280563,7.2243971825,8.6826248169,199.982711792,184.497467041,267.3430786133,678.6824951172,664.8309326172,693.8249511719,NA,NA,NA,NA,2021-01-08,0.2410173416000001,13.480285644499986,NA,NA,大分県
JP-44,OITA,2021-01-15,911.2401123047,872.6332397461,1017.9487915039,7.5314793587,7.4633288383,9.1472272873,206.224319458,188.4271697998,283.5965270996,685.7742919922,670.1971435547,702.5808105469,NA,NA,NA,NA,2021-01-08,0.24815130240000016,13.338195800800008,NA,NA,大分県
JP-44,OITA,2021-01-16,923.7346191406,881.0985107422,1042.3352050781,7.7869367599,7.7094841003,9.6170024872,211.6749267578,191.7163085938,298.4315795898,693.0647583008,675.8655395508,711.6797485352,NA,NA,NA,NA,2021-01-08,0.25545740119999927,12.494506835899983,NA,NA,大分県
JP-44,OITA,2021-01-17,935.8990478516,889.5108642578,1065.5792236328,8.0486211777,7.9620594978,10.0886297226,216.5110321045,194.5355377197,312.008392334,700.5114135742,681.8026123047,720.8134765625,NA,NA,NA,NA,2021-01-08,0.26168441779999974,12.164428711000028,NA,NA,大分県
JP-44,OITA,2021-01-18,947.7781982422,897.8978881836,1088.0092773438,8.3164949417,8.2207803726,10.564207077,220.84324646,196.9939117432,324.484161377,708.1016845703,687.9691772461,730.2230224609,NA,NA,NA,NA,2021-01-08,0.26787376400000085,11.879150390599989,NA,NA,大分県
JP-44,OITA,2021-01-19,959.4270019531,906.3200683594,1109.4001464844,8.5884799957,8.4838066101,11.0395708084,224.7395629883,199.1523895264,335.917388916,715.8639526367,694.399597168,739.6839599609,NA,NA,NA,NA,2021-01-08,0.27198505399999995,11.648803710899983,NA,NA,大分県
JP-44,OITA,2021-01-20,970.8464355469,914.73828125,1129.8480224609,8.8649654388,8.7515125275,11.515496254,228.270690918,201.0742492676,346.4133300781,723.6999511719,700.9889526367,749.1042480469,NA,NA,NA,NA,2021-01-08,0.27648544310000034,11.419433593800022,NA,NA,大分県
JP-44,OITA,2021-01-21,982.1079711914,923.2154541016,1149.4559326172,9.1447534561,9.0227127075,11.9906711578,231.474899292,202.7925415039,356.0375976562,731.6665649414,707.7861328125,758.5546264648,NA,NA,NA,NA,2021-01-08,0.2797880172999996,11.261535644499986,NA,NA,大分県
JP-44,OITA,2021-01-22,993.4306030273,931.8815917969,1168.6918945312,9.4276714325,9.2972373962,12.4651985168,234.5200958252,204.452041626,365.0633544922,739.7283935547,714.7530517578,768.0103149414,NA,NA,NA,NA,2021-01-08,0.28291797640000027,11.322631835899983,NA,NA,大分県
JP-44,OITA,2021-01-23,1004.2080688477,940.3688964844,1186.0440673828,9.7142658234,9.5758953094,12.9375286102,237.145614624,205.8165893555,373.0667724609,747.8716430664,721.8790283203,777.1627807617,NA,NA,NA,NA,2021-01-08,0.2865943908999995,10.777465820400039,NA,NA,大分県
JP-44,OITA,2021-01-24,1014.8403930664,948.8536376953,1202.9022216797,10.0040397644,9.8578863144,13.4102458954,239.4801940918,207.0031738281,380.3098144531,756.0674438477,729.1195678711,786.4206542969,NA,NA,NA,NA,2021-01-08,0.289773941,10.632324218699978,NA,NA,大分県
JP-44,OITA,2021-01-25,1025.3614501953,957.3688964844,1218.9079589844,10.2973136902,10.1437549591,13.8814716339,241.5980529785,208.0655822754,386.8854064941,764.3168945312,736.4758300781,795.4202880859,NA,NA,NA,NA,2021-01-08,0.29327392579999945,10.521057128899997,NA,NA,大分県
JP-44,OITA,2021-01-26,1035.7998046875,965.9548339844,1234.7357177734,10.5922355652,10.4313936234,14.3523807526,243.5228271484,209.0300292969,392.9159545898,772.6660766602,743.9760131836,804.805480957,NA,NA,NA,NA,2021-01-08,0.294921875,10.438354492200006,NA,NA,大分県
JP-44,OITA,2021-01-27,1046.1359863281,974.5509033203,1250.1339111328,10.8895425797,10.7215242386,14.8231287003,245.3043060303,209.929901123,398.4685058594,781.0198974609,751.5227050781,814.1864624023,NA,NA,NA,NA,2021-01-08,0.2973070145000012,10.336181640599989,NA,NA,大分県
JP-44,OITA,2021-01-28,1056.4178466797,983.2071533203,1265.1306152344,11.1882352829,11.013168335,15.292432785,246.9388427734,210.7582397461,403.5533752441,789.4505615234,759.1820678711,823.6271972656,NA,NA,NA,NA,2021-01-08,0.29869270319999863,10.281860351600017,NA,NA,大分県
JP-44,OITA,2021-01-29,1066.8330078125,992.0151977539,1280.6585693359,11.4883880615,11.3061246872,15.7635622025,248.560836792,211.632019043,408.4592285156,797.928527832,766.9083251953,833.5531616211,NA,NA,NA,NA,2021-01-08,0.3001527786000011,10.415161132799994,NA,NA,大分県
JP-44,OITA,2021-01-30,1076.8126220703,1000.6683349609,1294.9285888672,11.7907037735,11.6013402939,16.2344360352,249.91355896,212.3206787109,412.7212219238,806.4438476562,774.7024536133,843.4182739258,NA,NA,NA,NA,2021-01-08,0.3023157120000004,9.979614257799994,NA,NA,大分県
JP-44,OITA,2021-01-31,1086.7149658203,1009.2947387695,1308.7504882812,12.0948629379,11.8985233307,16.704246521,251.0985565186,212.9069824219,416.5116882324,814.973449707,782.5426025391,853.1368408203,NA,NA,NA,NA,2021-01-08,0.3041591643999997,9.90234375,NA,NA,大分県
JP-44,OITA,2021-02-01,1096.5687255859,1017.9321289062,1322.2512207031,12.4013538361,12.1981134415,17.1744613647,252.1746520996,213.4386291504,419.9521484375,823.522644043,790.4285888672,862.8012084961,NA,NA,NA,NA,2021-01-08,0.30649089819999986,9.853759765599989,NA,NA,大分県
JP-44,OITA,2021-02-02,1106.3872070312,1026.6109619141,1335.0623779297,12.7082691193,12.4982814789,17.6407260895,253.1436309814,213.9091949463,423.0254516602,832.1424560547,798.4104003906,872.1583251953,NA,NA,NA,NA,2021-01-08,0.3069152832000004,9.818481445299994,NA,NA,大分県
JP-44,OITA,2021-02-03,1116.1500244141,1035.2897949219,1347.7257080078,13.0165567398,12.79991436,18.1067142487,254.0560302734,214.3655395508,425.8759460449,840.7366943359,806.3929443359,881.5386962891,NA,NA,NA,NA,2021-01-08,0.3082876204999998,9.762817382900039,NA,NA,大分県
JP-44,OITA,2021-02-04,1125.8961181641,1044.0189208984,1360.376953125,13.3252563477,13.1020517349,18.5719013214,254.8892211914,214.7873382568,428.4892883301,849.3831176758,814.4512939453,891.1307373047,NA,NA,NA,NA,2021-01-08,0.3086996078999995,9.74609375,NA,NA,大分県
JP-44,OITA,2021-02-05,1135.7994384766,1052.8774414062,1372.6228027344,13.6344270706,13.4050655365,19.0315418243,255.765838623,215.2634429932,431.0066833496,858.0539550781,822.5635986328,900.1877441406,NA,NA,NA,NA,2021-01-08,0.30917072289999936,9.9033203125,NA,NA,大分県
JP-45,MIYAZAKI,2021-01-09,1286.3122558594,1271.8226318359,1334.2045898438,10.9347295761,10.9128036499,11.4204654694,492.6461791992,484.7425537109,528.5364990234,743.0134887695,739.7147216797,747.466003418,NA,NA,NA,NA,2021-01-08,0.9347295761000005,113.31225585940001,NA,NA,宮崎県
JP-45,MIYAZAKI,2021-01-10,1382.3052978516,1350.9372558594,1486.2302246094,12.0794992447,12.0334787369,13.098818779,558.3601074219,541.2966308594,635.6406860352,761.711730957,755.2841186523,770.4084472656,NA,NA,NA,NA,2021-01-08,1.1447696685999986,95.9930419922,NA,NA,宮崎県
JP-45,MIYAZAKI,2021-01-11,1472.146484375,1423.9461669922,1634.4763183594,13.3991537094,13.3263807297,15.0109710693,624.1228637695,596.849609375,747.3356933594,783.4306030273,773.9956665039,796.3037719727,NA,NA,NA,NA,2021-01-08,1.319654464700001,89.84118652339998,NA,NA,宮崎県
JP-45,MIYAZAKI,2021-01-12,1556.8238525391,1492.302734375,1777.7280273438,14.863202095,14.7609100342,17.1291484833,684.7269897461,646.6591186523,856.2585449219,807.923828125,795.5708618164,824.9270629883,NA,NA,NA,NA,2021-01-08,1.4640483856,84.67736816410002,NA,NA,宮崎県
JP-45,MIYAZAKI,2021-01-13,1637.2736816406,1556.9079589844,1916.2054443359,16.4499912262,16.315071106,19.4390907288,739.5384521484,690.4683837891,960.1274414062,834.1278686523,818.948425293,855.2054443359,NA,NA,NA,NA,2021-01-08,1.5867891312000015,80.44982910149997,NA,NA,宮崎県
JP-45,MIYAZAKI,2021-01-14,1714.2489013672,1618.5930175781,2049.4189453125,18.1450424194,17.9749603271,21.9194717407,788.9475708008,728.90234375,1058.0789794922,862.153137207,844.2183227539,886.9810180664,NA,NA,NA,NA,2021-01-08,1.6950511931999976,76.97521972660002,NA,NA,宮崎県
JP-45,MIYAZAKI,2021-01-15,1789.5963134766,1678.9686279297,2179.2770996094,19.9405422211,19.7332782745,24.555606842,834.348449707,763.4609375,1150.9755859375,891.8032836914,871.178894043,919.9255371094,NA,NA,NA,NA,2021-01-08,1.7954998017000001,75.34741210940001,NA,NA,宮崎県
JP-45,MIYAZAKI,2021-01-16,1859.4775390625,1735.2309570312,2299.5480957031,21.8350963593,21.5882225037,27.3474445343,873.6957397461,792.4565429688,1235.3879394531,923.0388183594,899.7607421875,954.4928588867,NA,NA,NA,NA,2021-01-08,1.8945541382000002,69.88122558589998,NA,NA,宮崎県
JP-45,MIYAZAKI,2021-01-17,1926.7901611328,1789.5185546875,2414.8005371094,23.8167648315,23.528055191,30.2782764435,908.5542602539,817.4833374023,1312.8681640625,955.451171875,929.5549926758,990.2409667969,NA,NA,NA,NA,2021-01-08,1.981668472199999,67.3126220703,NA,NA,宮崎県
JP-45,MIYAZAKI,2021-01-18,1991.8742675781,1842.2536621094,2524.9953613281,25.881937027,25.5493488312,33.3397941589,939.7345581055,839.3696899414,1384.119140625,988.9084472656,960.4263916016,1026.9228515625,NA,NA,NA,NA,2021-01-08,2.0651721955000006,65.0841064453,NA,NA,宮崎県
JP-45,MIYAZAKI,2021-01-19,2055.1640625,1893.9147949219,2630.9436035156,28.0132102966,27.6344795227,36.5117912292,967.7689819336,858.6786499023,1449.7655029297,1023.4964599609,992.4359130859,1064.9881591797,NA,NA,NA,NA,2021-01-08,2.131273269600001,63.28979492190001,NA,NA,宮崎県
JP-45,MIYAZAKI,2021-01-20,2116.8059082031,1944.5302734375,2732.7409667969,30.2097167969,29.7833843231,39.7853965759,993.1937866211,875.9265136719,1510.3298339844,1058.6766357422,1025.0841064453,1103.5885009766,NA,NA,NA,NA,2021-01-08,2.1965065003,61.64184570309999,NA,NA,宮崎県
JP-45,MIYAZAKI,2021-01-21,2177.3127441406,1994.5830078125,2830.4370117188,32.4598808289,31.9856452942,43.134803772,1016.4641113281,891.5196533203,1566.2655029297,1094.6282958984,1058.5512695312,1142.4970703125,NA,NA,NA,NA,2021-01-08,2.250164031999997,60.5068359375,NA,NA,宮崎県
JP-45,MIYAZAKI,2021-01-22,2237.9772949219,2044.9906005859,2927.0168457031,34.7602996826,34.2371482849,46.55991745,1038.7233886719,906.4938354492,1619.4528808594,1131.1553955078,1092.6248779297,1181.9378662109,NA,NA,NA,NA,2021-01-08,2.300418853700002,60.66455078130002,NA,NA,宮崎県
JP-45,MIYAZAKI,2021-01-23,2295.6604003906,2093.7114257812,3016.4489746094,37.1139984131,36.5409812927,50.0617790222,1058.2893066406,919.3809204102,1667.2463378906,1168.1875,1127.2340087891,1221.7781982422,NA,NA,NA,NA,2021-01-08,2.3536987304999997,57.68310546869998,NA,NA,宮崎県
JP-45,MIYAZAKI,2021-01-24,2352.541015625,2141.9348144531,3103.3376464844,39.5158500671,38.8922386169,53.631439209,1076.1666259766,931.0668334961,1711.2113037109,1205.5795898438,1162.2393798828,1261.8942871094,NA,NA,NA,NA,2021-01-08,2.401851653999998,56.88061523440001,NA,NA,宮崎県
JP-45,MIYAZAKI,2021-01-25,2408.8503417969,2189.9831542969,3187.9812011719,41.967414856,41.2925186157,57.2701835632,1092.86328125,941.9918823242,1752.1979980469,1243.3245849609,1197.6365966797,1302.3312988281,NA,NA,NA,NA,2021-01-08,2.4515647889000007,56.30932617190001,NA,NA,宮崎県
JP-45,MIYAZAKI,2021-01-26,2464.7546386719,2238.0747070312,3269.919921875,44.4535942078,43.728012085,60.9471664429,1108.5319824219,952.2573852539,1790.3681640625,1281.6273193359,1233.6309814453,1342.8975830078,NA,NA,NA,NA,2021-01-08,2.486179351800004,55.904296875,NA,NA,宮崎県
JP-45,MIYAZAKI,2021-01-27,2520.1779785156,2286.0202636719,3349.9929199219,46.9798851013,46.2031822205,64.6767959595,1123.4210205078,962.0850219727,1826.3095703125,1320.0493164062,1269.7801513672,1383.5422363281,NA,NA,NA,NA,2021-01-08,2.526290893499997,55.42333984369998,NA,NA,宮崎県
JP-45,MIYAZAKI,2021-01-28,2575.380859375,2334.1071777344,3428.4772949219,49.5382156372,48.7101516724,68.4472198486,1137.5571289062,971.4868774414,1860.1340332031,1358.9232177734,1306.4028320312,1424.6513671875,NA,NA,NA,NA,2021-01-08,2.558330535899998,55.20288085940001,NA,NA,宮崎県
JP-45,MIYAZAKI,2021-01-29,2631.3820800781,2383.013671875,3508.7277832031,52.1287498474,51.2488899231,72.2681427002,1151.7606201172,981.1887207031,1893.5249023438,1398.1174316406,1343.369140625,1467.0281982422,NA,NA,NA,NA,2021-01-08,2.590534210200005,56.00122070309999,NA,NA,宮崎県
JP-45,MIYAZAKI,2021-01-30,2685.1489257812,2430.81640625,3583.3464355469,54.7572059631,53.8251609802,76.1368865967,1164.2740478516,989.6304931641,1923.3416748047,1437.5838623047,1380.6259765625,1509.5867919922,NA,NA,NA,NA,2021-01-08,2.628456115699997,53.76684570309999,NA,NA,宮崎県
JP-45,MIYAZAKI,2021-01-31,2738.5998535156,2478.3850097656,3656.7663574219,57.4210128784,56.4365081787,80.0490875244,1175.8868408203,997.4805297852,1950.9208984375,1477.2215576172,1418.0777587891,1552.2346191406,NA,NA,NA,NA,2021-01-08,2.6638069153000004,53.45092773440001,NA,NA,宮崎県
JP-45,MIYAZAKI,2021-02-01,2791.9172363281,2526.0004882812,3729.2219238281,60.1237030029,59.0865325928,84.0094299316,1186.9779052734,1005.0534667969,1976.9604492188,1517.0555419922,1455.7496337891,1595.0712890625,NA,NA,NA,NA,2021-01-08,2.702690124500002,53.3173828125,NA,NA,宮崎県
JP-45,MIYAZAKI,2021-02-02,2845.2612304688,2573.9445800781,3805.0688476562,62.8510894775,61.7563438416,88.0565948486,1197.6340332031,1012.5255126953,2002.591796875,1557.326171875,1493.7788085938,1641.7036132812,NA,NA,NA,NA,2021-01-08,2.727386474599996,53.34399414070003,NA,NA,宮崎県
JP-45,MIYAZAKI,2021-02-03,2898.5388183594,2621.9157714844,3879.9299316406,65.6096343994,64.4569778442,92.1413574219,1208.0787353516,1019.9378051758,2027.2067871094,1597.5850830078,1531.8188476562,1688.037109375,NA,NA,NA,NA,2021-01-08,2.758544921899997,53.27758789059999,NA,NA,宮崎県
JP-45,MIYAZAKI,2021-02-04,2952.0322265625,2670.2734375,3954.8391113281,68.3921661377,67.1814575195,96.2596282959,1218.3052978516,1027.3079833984,2051.0080566406,1638.2041015625,1570.2332763672,1735.1057128906,NA,NA,NA,NA,2021-01-08,2.7825317383000083,53.49340820309999,NA,NA,宮崎県
JP-45,MIYAZAKI,2021-02-05,3006.7609863281,2719.5678710938,4029.8127441406,71.1994934082,69.9312896729,100.3871612549,1229.1279296875,1035.2453613281,2074.9704589844,1679.0618896484,1608.9106445312,1781.0847167969,NA,NA,NA,NA,2021-01-08,2.8073272704999965,54.72875976559999,NA,NA,宮崎県
JP-46,KAGOSHIMA,2021-01-09,1237.4870605469,1228.1940917969,1263.7139892578,14.2056074142,14.1820135117,14.782752037,224.6423797607,220.9972991943,240.9264831543,982.4556884766,978.171081543,988.9365234375,NA,NA,NA,NA,2021-01-08,0.20560741419999928,48.48706054690001,NA,NA,鹿児島県
JP-46,KAGOSHIMA,2021-01-10,1271.5509033203,1252.2165527344,1326.7199707031,14.4560289383,14.4101390839,15.5775928497,243.2984619141,235.7939605713,276.8748474121,990.9897460938,982.7792358398,1003.7545776367,NA,NA,NA,NA,2021-01-08,0.25042152410000007,34.06384277339998,NA,NA,鹿児島県
JP-46,KAGOSHIMA,2021-01-11,1322.5582275391,1291.060546875,1412.8582763672,14.7404527664,14.6733360291,16.3775348663,273.8437805176,261.7886657715,327.817779541,1000.0495605469,988.233581543,1018.4176025391,NA,NA,NA,NA,2021-01-08,0.28442382810000133,51.00732421880002,NA,NA,鹿児島県
JP-46,KAGOSHIMA,2021-01-12,1379.4226074219,1334.9672851562,1507.9385986328,15.0783901215,14.9908237457,17.2074451447,312.3723754883,294.9038391113,390.5278625488,1010.3800048828,995.2348022461,1033.2414550781,NA,NA,NA,NA,2021-01-08,0.33793735509999934,56.864379882799994,NA,NA,鹿児島県
JP-46,KAGOSHIMA,2021-01-13,1439.6418457031,1381.9439697266,1608.3140869141,15.4721288681,15.3646173477,18.0767097473,355.361907959,331.6709594727,461.2257080078,1022.311706543,1004.0699462891,1048.7552490234,NA,NA,NA,NA,2021-01-08,0.3937387466000004,60.21923828119998,NA,NA,鹿児島県
JP-46,KAGOSHIMA,2021-01-14,1487.2822265625,1419.6116943359,1688.9255371094,15.9196882248,15.7925167084,18.9898834229,392.6752624512,362.6832275391,526.4841308594,1036.2321777344,1015.0813598633,1065.7193603516,NA,NA,NA,NA,2021-01-08,0.44755935669999936,47.64038085940001,NA,NA,鹿児島県
JP-46,KAGOSHIMA,2021-01-15,1521.5770263672,1447.1312255859,1748.0352783203,16.397562027,16.2510414124,19.9246025085,419.3528442383,383.6400146484,578.4157104492,1051.8179931641,1027.9171142578,1084.205078125,NA,NA,NA,NA,2021-01-08,0.47787380219999953,34.294799804700006,NA,NA,鹿児島県
JP-46,KAGOSHIMA,2021-01-16,1546.5841064453,1467.0899658203,1792.0756835938,16.8867797852,16.7213592529,20.8584403992,435.5051269531,394.9499816895,615.7581176758,1068.2626953125,1041.7639160156,1103.30859375,NA,NA,NA,NA,2021-01-08,0.48921775820000235,25.00708007809999,NA,NA,鹿児島県
JP-46,KAGOSHIMA,2021-01-17,1564.0889892578,1480.8084716797,1823.2493896484,17.3780784607,17.1943798065,21.7779827118,442.7331848145,398.2991027832,639.6602783203,1084.9699707031,1056.0260009766,1122.1127929688,NA,NA,NA,NA,2021-01-08,0.49129867549999773,17.5048828125,NA,NA,鹿児島県
JP-46,KAGOSHIMA,2021-01-18,1579.7537841797,1492.4053955078,1851.4353027344,17.865562439,17.6642379761,22.6776657104,445.0155944824,397.422088623,655.2708740234,1101.638671875,1070.3942871094,1140.6114501953,NA,NA,NA,NA,2021-01-08,0.487483978300002,15.664794921900011,NA,NA,鹿児島県
JP-46,KAGOSHIMA,2021-01-19,1594.2749023438,1502.8924560547,1877.2651367188,18.347694397,18.12940979,23.556596756,444.544342041,394.3419189453,665.6100463867,1118.2786865234,1084.8663330078,1159,NA,NA,NA,NA,2021-01-08,0.4821319580000001,14.521118164100017,NA,NA,鹿児島県
JP-46,KAGOSHIMA,2021-01-20,1607.2484130859,1512.2985839844,1899.6112060547,18.8266239166,18.5920257568,24.4177055359,442.2064208984,389.8666687012,671.9583740234,1134.7485351562,1099.2952880859,1177.1286621094,NA,NA,NA,NA,2021-01-08,0.47892951959999763,12.973510742099961,NA,NA,鹿児島県
JP-46,KAGOSHIMA,2021-01-21,1619.2283935547,1521.0645751953,1919.3930664062,19.2998657227,19.0496177673,25.2579288483,438.5304260254,384.4675292969,675.1419677734,1151.0992431641,1113.7211914062,1195.0257568359,NA,NA,NA,NA,2021-01-08,0.47324180610000255,11.979980468800022,NA,NA,鹿児島県
JP-46,KAGOSHIMA,2021-01-22,1631.0654296875,1529.7928466797,1938.2840576172,19.7672367096,19.5019874573,26.0776195526,434.3315734863,378.8539123535,676.4868774414,1167.2271728516,1128.0357666016,1212.6118164062,NA,NA,NA,NA,2021-01-08,0.4673709868999971,11.837036132799994,NA,NA,鹿児島県
JP-46,KAGOSHIMA,2021-01-23,1641.0695800781,1537.5694580078,1952.8489990234,20.230260849,19.9506015778,26.879447937,429.0477294922,372.523651123,675.2020263672,1183.1552734375,1142.2523193359,1229.9244384766,NA,NA,NA,NA,2021-01-08,0.46302413940000164,10.004150390599989,NA,NA,鹿児島県
JP-46,KAGOSHIMA,2021-01-24,1651.0073242188,1545.2670898438,1966.9689941406,20.68724823,20.3937797546,27.6616649628,423.3896484375,366.081237793,672.4697875977,1198.7664794922,1156.2517089844,1246.8352050781,NA,NA,NA,NA,2021-01-08,0.45698738100000114,9.937744140700033,NA,NA,鹿児島県
JP-46,KAGOSHIMA,2021-01-25,1660.1818847656,1552.6333007812,1979.4741210938,21.1397914886,20.833070755,28.4288673401,417.325378418,359.4869995117,668.3624267578,1214.0983886719,1170.0653076172,1263.7663574219,NA,NA,NA,NA,2021-01-08,0.45254325859999867,9.174560546799967,NA,NA,鹿児島県
JP-46,KAGOSHIMA,2021-01-26,1669.0894775391,1559.9250488281,1991.0344238281,21.58436203,21.2649593353,29.1754264832,411.0249633789,352.8624572754,663.1809082031,1229.2344970703,1183.7642822266,1280.4727783203,NA,NA,NA,NA,2021-01-08,0.44457054140000096,8.907592773500028,NA,NA,鹿児島県
JP-46,KAGOSHIMA,2021-01-27,1678.4127197266,1567.5197753906,2003.0998535156,22.0225143433,21.6909446716,29.9035797119,405.0736694336,346.690612793,657.9344482422,1244.009765625,1197.1828613281,1296.7087402344,NA,NA,NA,NA,2021-01-08,0.43815231329999804,9.3232421875,NA,NA,鹿児島県
JP-46,KAGOSHIMA,2021-01-28,1687.0679931641,1574.9333496094,2013.951171875,22.4541511536,22.1106681824,30.6180992126,398.993347168,340.5545959473,651.9964599609,1258.5897216797,1210.4671630859,1313.3179931641,NA,NA,NA,NA,2021-01-08,0.43163681030000234,8.6552734375,NA,NA,鹿児島県
JP-46,KAGOSHIMA,2021-01-29,1696.4033203125,1582.7919921875,2025.8463134766,22.8785896301,22.5236778259,31.3140869141,393.3711242676,334.9277954102,646.303894043,1272.9130859375,1223.5604248047,1329.5178222656,NA,NA,NA,NA,2021-01-08,0.4244384764999971,9.335327148399983,NA,NA,鹿児島県
JP-46,KAGOSHIMA,2021-01-30,1705.8314208984,1590.8861083984,2037.5187988281,23.2981357574,22.9322414398,31.9955368042,388.1312866211,329.7322692871,640.8062744141,1286.9854736328,1236.4664306641,1345.4099121094,NA,NA,NA,NA,2021-01-08,0.41954612730000207,9.428100585899983,NA,NA,鹿児島県
JP-46,KAGOSHIMA,2021-01-31,1716.0330810547,1599.5854492188,2050.349609375,23.7137184143,23.3372249603,32.6640052795,383.6185913086,325.2452087402,636.1232299805,1300.8327636719,1249.2042236328,1360.9458007812,NA,NA,NA,NA,2021-01-08,0.41558265689999985,10.201660156300022,NA,NA,鹿児島県
JP-46,KAGOSHIMA,2021-02-01,1726.3044433594,1608.5914306641,2062.2941894531,24.1273040771,23.7405834198,33.3200836182,379.5704345703,321.2253112793,631.8348388672,1314.51953125,1261.8349609375,1375.8240966797,NA,NA,NA,NA,2021-01-08,0.4135856627999992,10.271362304700006,NA,NA,鹿児島県
JP-46,KAGOSHIMA,2021-02-02,1736.2902832031,1617.6547851562,2073.4619140625,24.5363807678,24.1398162842,33.9648780823,375.5953674316,317.342376709,627.4043579102,1328.1420898438,1274.4495849609,1390.8530273438,NA,NA,NA,NA,2021-01-08,0.40907669070000097,9.985839843699978,NA,NA,鹿児島県
JP-46,KAGOSHIMA,2021-02-03,1746.0120849609,1626.6091308594,2083.9135742188,24.9417800903,24.5356788635,34.5989227295,371.653717041,313.5495605469,622.7669067383,1341.5269775391,1286.8751220703,1405.5457763672,NA,NA,NA,NA,2021-01-08,0.4053993224999992,9.721801757799994,NA,NA,鹿児島県
JP-46,KAGOSHIMA,2021-02-04,1755.533203125,1635.5024414062,2093.2377929688,25.3421173096,24.9271430969,35.2159461975,367.6499328613,309.7537231445,617.7458496094,1354.8088378906,1299.2492675781,1419.6041259766,NA,NA,NA,NA,2021-01-08,0.400337219299999,9.521118164100017,NA,NA,鹿児島県
JP-46,KAGOSHIMA,2021-02-05,1764.9826660156,1644.3828125,2102.8068847656,25.7376155853,25.3139572144,35.8241424561,363.6786193848,306.0411682129,612.6177368164,1367.9519042969,1311.5174560547,1433.9302978516,NA,NA,NA,NA,2021-01-08,0.3954982756999996,9.449462890599989,NA,NA,鹿児島県
JP-47,OKINAWA,2021-01-09,5829.5986328125,5797.5747070312,5893.3505859375,84.4313430786,84.2897186279,87.8276824951,486.7081604004,478.7152709961,521.5447998047,5245.5849609375,5222.7885742188,5268.7875976562,NA,NA,NA,NA,2021-01-08,0.4313430785999941,70.5986328125,NA,NA,沖縄県
JP-47,OKINAWA,2021-01-10,5888.9145507812,5827.0063476562,6013.6069335938,84.9328689575,84.6619262695,91.4299163818,509.3440551758,493.4390258789,578.6985473633,5281.421875,5237.8193359375,5325.7543945312,NA,NA,NA,NA,2021-01-08,0.5015258789000114,59.31591796869998,NA,NA,沖縄県
JP-47,OKINAWA,2021-01-11,5942.4213867188,5853.173828125,6123.271484375,85.4679107666,85.0789794922,94.7975387573,525.9254760742,502.4742126465,628.1528930664,5318.9106445312,5256.291015625,5382.310546875,NA,NA,NA,NA,2021-01-08,0.5350418090999938,53.506835937600044,NA,NA,沖縄県
JP-47,OKINAWA,2021-01-12,5993.5126953125,5879.1137695312,6226.4487304688,86.0214080811,85.5242538452,97.9444503784,538.4235839844,507.9167785645,671.3274536133,5357.619140625,5277.5717773438,5438.6669921875,NA,NA,NA,NA,2021-01-08,0.5534973145000066,51.09130859369998,NA,NA,沖縄県
JP-47,OKINAWA,2021-01-13,6041.4379882812,5904.1166992188,6321.9736328125,86.5918197632,85.9953536987,100.8947753906,546.9836425781,510.0255737305,707.8473510742,5397.115234375,5301.095703125,5494.5952148438,NA,NA,NA,NA,2021-01-08,0.5704116820999872,47.92529296869998,NA,NA,沖縄県
JP-47,OKINAWA,2021-01-14,6086.1166992188,5928.0546875,6409.037109375,87.1725387573,86.4850234985,103.6577453613,551.6945800781,508.9736328125,737.3967285156,5437.2905273438,5326.6127929688,5549.6611328125,NA,NA,NA,NA,2021-01-08,0.5807189941000104,44.678710937600044,NA,NA,沖縄県
JP-47,OKINAWA,2021-01-15,6125.0405273438,5948.6884765625,6484.0908203125,87.7591247559,86.9878921509,106.2492675781,550.7937011719,503.2237854004,757.2522583008,5477.798828125,5353.65234375,5603.783203125,NA,NA,NA,NA,2021-01-08,0.5865859986000004,38.923828125,NA,NA,沖縄県
JP-47,OKINAWA,2021-01-16,6157.181640625,5964.974609375,6545.7504882812,88.3448867798,87.4967041016,108.6770706177,543.4578857422,492.1313171387,765.858215332,5518.1586914062,5381.6323242188,5656.6342773438,NA,NA,NA,NA,2021-01-08,0.5857620239000028,32.14111328119998,NA,NA,沖縄県
JP-47,OKINAWA,2021-01-17,6184.9321289062,5978.7587890625,6597.8349609375,88.9228820801,88.0040817261,110.9459152222,531.9533691406,477.829864502,766.1098022461,5557.8686523438,5409.96875,5707.8110351562,NA,NA,NA,NA,2021-01-08,0.5779953002999889,27.750488281199978,NA,NA,沖縄県
JP-47,OKINAWA,2021-01-18,6211.2802734375,5992.4833984375,6645.1264648438,89.4906997681,88.5070953369,113.0659637451,519.339050293,463.0788879395,762.4170532227,5596.669921875,5438.3256835938,5757.1303710938,NA,NA,NA,NA,2021-01-08,0.5678176880000052,26.348144531300022,NA,NA,沖縄県
JP-47,OKINAWA,2021-01-19,6235.1337890625,6005.3598632812,6685.806640625,90.0452575684,89.0021514893,115.0454025269,505.244720459,447.513458252,754.4123535156,5634.6333007812,5466.6811523438,5804.7485351562,NA,NA,NA,NA,2021-01-08,0.5545578003000031,23.853515625,NA,NA,沖縄県
JP-47,OKINAWA,2021-01-20,6258.6557617188,6018.8818359375,6723.677734375,90.5860595703,89.4883728027,116.8924636841,491.5335083008,432.7404174805,745.0491943359,5671.4575195312,5494.6806640625,5850.1469726562,NA,NA,NA,NA,2021-01-08,0.5408020018999906,23.521972656300022,NA,NA,沖縄県
JP-47,OKINAWA,2021-01-21,6280.9853515625,6032.4428710938,6757.9663085938,91.1131057739,89.9652481079,118.6208953857,477.7163391113,418.2766418457,733.8432617188,5707.33984375,5522.4453125,5894.2724609375,NA,NA,NA,NA,2021-01-08,0.5270462036000083,22.329589843699978,NA,NA,沖縄県
JP-47,OKINAWA,2021-01-22,6303.181640625,6046.6962890625,6791.0346679688,91.6259536743,90.4320449829,120.2397460938,464.5996398926,404.7803955078,722.2409667969,5742.216796875,5549.8583984375,5937.2905273438,NA,NA,NA,NA,2021-01-08,0.5128479004000042,22.1962890625,NA,NA,沖縄県
JP-47,OKINAWA,2021-01-23,6325.2065429688,6061.5615234375,6822.3540039062,92.1267471313,90.8905105591,121.75756073,452.2540893555,392.2607421875,710.5435180664,5776.1162109375,5576.8857421875,5978.6708984375,NA,NA,NA,NA,2021-01-08,0.5007934569999861,22.024902343800022,NA,NA,沖縄県
JP-47,OKINAWA,2021-01-24,6346.033203125,6076.2026367188,6850.2973632812,92.6170654297,91.3419113159,123.1839141846,439.8429870605,379.9516296387,697.6089477539,5809.1000976562,5603.5390625,6018.5307617188,NA,NA,NA,NA,2021-01-08,0.4903182984000125,20.826660156199978,NA,NA,沖縄県
JP-47,OKINAWA,2021-01-25,6368.0249023438,6092.224609375,6879.4252929688,93.0966949463,91.7856140137,124.5263519287,429.1062316895,369.320526123,686.3492431641,5841.1596679688,5629.7631835938,6056.9604492188,NA,NA,NA,NA,2021-01-08,0.4796295165999993,21.991699218800022,NA,NA,沖縄県
JP-47,OKINAWA,2021-01-26,6390.533203125,6109.3037109375,6908.1147460938,93.5656661987,92.221786499,125.7883758545,419.683807373,360.0158996582,676.3544921875,5872.5205078125,5655.7475585938,6093.9912109375,NA,NA,NA,NA,2021-01-08,0.4689712523999958,22.508300781199978,NA,NA,沖縄県
JP-47,OKINAWA,2021-01-27,6412.4389648438,6126.4633789062,6935.4658203125,94.026725769,92.652557373,126.9846954346,410.6143188477,351.1854248047,666.2243652344,5903.1245117188,5681.3911132812,6130.3803710938,NA,NA,NA,NA,2021-01-08,0.46105957029999445,21.905761718800022,NA,NA,沖縄県
JP-47,OKINAWA,2021-01-28,6436.7016601562,6145.7602539062,6966.6235351562,94.4779052734,93.0759429932,128.1151885986,404.0104370117,344.6075134277,659.4893188477,5933.0952148438,5706.7807617188,6165.8920898438,NA,NA,NA,NA,2021-01-08,0.45117950440000243,24.262695312399956,NA,NA,沖縄県
JP-47,OKINAWA,2021-01-29,6463.7211914062,6167.7065429688,7002.1928710938,94.9239807129,93.4963226318,129.1923522949,400.4931640625,340.7790222168,657.3103637695,5962.59765625,5732.0400390625,6200.9345703125,NA,NA,NA,NA,2021-01-08,0.4460754395000066,27.01953125,NA,NA,沖縄県
JP-47,OKINAWA,2021-01-30,6493.1162109375,6192.0385742188,7040.8310546875,95.3695373535,93.9179153442,130.2255249023,399.6365356445,339.3053894043,659.1035766602,5991.8579101562,5757.3413085938,6235.2197265625,NA,NA,NA,NA,2021-01-08,0.4455566405999889,29.395019531300022,NA,NA,沖縄県
JP-47,OKINAWA,2021-01-31,6522.2729492188,6216.8217773438,7077.7802734375,95.8179016113,94.3438491821,131.2233276367,399.1076965332,338.1867675781,661.1059570312,6021.0810546875,5782.8608398438,6269.0268554688,NA,NA,NA,NA,2021-01-08,0.44836425780000866,29.156738281300022,NA,NA,沖縄県
JP-47,OKINAWA,2021-02-01,6550.51171875,6241.2504882812,7112.2592773438,96.2682342529,94.7732467651,132.1877746582,397.8968200684,336.5594787598,661.6772460938,6050.2602539062,5808.5712890625,6302.3486328125,NA,NA,NA,NA,2021-01-08,0.4503326415999993,28.238769531199978,NA,NA,沖縄県
JP-47,OKINAWA,2021-02-02,6577.0463867188,6264.62109375,7143.2548828125,96.7162399292,95.2012939453,133.1195526123,395.2010803223,333.7420349121,659.5014648438,6079.41796875,5834.4526367188,6335.4985351562,NA,NA,NA,NA,2021-01-08,0.4480056762999993,26.534667968800022,NA,NA,沖縄県
JP-47,OKINAWA,2021-02-03,6602.3193359375,6287.0922851562,7171.2607421875,97.1610107422,95.6273574829,134.0149078369,391.4262695312,330.0733337402,655.2456665039,6108.2924804688,5860.2583007812,6367.5146484375,NA,NA,NA,NA,2021-01-08,0.4447708130000052,25.272949218699978,NA,NA,沖縄県
JP-47,OKINAWA,2021-02-04,6627.2333984375,6309.3662109375,7198.7319335938,97.6004257202,96.0491409302,134.8776092529,387.3784790039,326.2322692871,650.2944946289,6136.9194335938,5886.0034179688,6399.2919921875,NA,NA,NA,NA,2021-01-08,0.43941497799998785,24.9140625,NA,NA,沖縄県
JP-47,OKINAWA,2021-02-05,6652.1870117188,6331.8076171875,7226.142578125,98.0350036621,96.4672927856,135.7087554932,383.5758056641,322.6485900879,645.5380859375,6165.2578125,5911.6416015625,6430.6166992188,NA,NA,NA,NA,2021-01-08,0.43457794190000243,24.953613281300022,NA,NA,沖縄県
JP-01,HOKKAIDO,2020-12-12,NA,NA,NA,NA,NA,NA,NA,NA,NA,NA,NA,NA,NA,NA,NA,NA,2021-01-08,NA,NA,NA,NA,北海道
JP-01,HOKKAIDO,2020-12-13,NA,NA,NA,NA,NA,NA,NA,NA,NA,NA,NA,NA,NA,NA,NA,NA,2021-01-08,NA,NA,NA,NA,北海道
JP-01,HOKKAIDO,2020-12-14,NA,NA,NA,NA,NA,NA,NA,NA,NA,NA,NA,NA,NA,NA,NA,NA,2021-01-08,NA,NA,NA,NA,北海道
JP-01,HOKKAIDO,2020-12-15,NA,NA,NA,NA,NA,NA,NA,NA,NA,NA,NA,NA,NA,NA,NA,NA,2021-01-08,NA,NA,NA,NA,北海道
JP-01,HOKKAIDO,2020-12-16,NA,NA,NA,NA,NA,NA,NA,NA,NA,NA,NA,NA,NA,NA,NA,NA,2021-01-08,NA,NA,NA,NA,北海道
JP-01,HOKKAIDO,2020-12-17,NA,NA,NA,NA,NA,NA,NA,NA,NA,NA,NA,NA,NA,NA,NA,NA,2021-01-08,NA,NA,NA,NA,北海道
JP-01,HOKKAIDO,2020-12-18,NA,NA,NA,NA,NA,NA,NA,NA,NA,NA,NA,NA,NA,NA,NA,NA,2021-01-08,NA,NA,NA,NA,北海道
JP-01,HOKKAIDO,2020-12-19,NA,NA,NA,NA,NA,NA,NA,NA,NA,NA,NA,NA,NA,NA,NA,NA,2021-01-08,NA,NA,NA,NA,北海道
JP-01,HOKKAIDO,2020-12-20,NA,NA,NA,NA,NA,NA,NA,NA,NA,NA,NA,NA,NA,NA,NA,NA,2021-01-08,NA,NA,NA,NA,北海道
JP-01,HOKKAIDO,2020-12-21,NA,NA,NA,NA,NA,NA,NA,NA,NA,NA,NA,NA,NA,NA,NA,NA,2021-01-08,NA,NA,NA,NA,北海道
JP-01,HOKKAIDO,2020-12-22,NA,NA,NA,NA,NA,NA,NA,NA,NA,NA,NA,NA,NA,NA,NA,NA,2021-01-08,NA,NA,NA,NA,北海道
JP-01,HOKKAIDO,2020-12-23,NA,NA,NA,NA,NA,NA,NA,NA,NA,NA,NA,NA,NA,NA,NA,NA,2021-01-08,NA,NA,NA,NA,北海道
JP-01,HOKKAIDO,2020-12-24,NA,NA,NA,NA,NA,NA,NA,NA,NA,NA,NA,NA,NA,NA,NA,NA,2021-01-08,NA,NA,NA,NA,北海道
JP-01,HOKKAIDO,2020-12-25,NA,NA,NA,NA,NA,NA,NA,NA,NA,NA,NA,NA,NA,NA,NA,NA,2021-01-08,NA,NA,NA,NA,北海道
JP-01,HOKKAIDO,2020-12-26,NA,NA,NA,NA,NA,NA,NA,NA,NA,NA,NA,NA,NA,NA,NA,NA,2021-01-08,NA,NA,NA,NA,北海道
JP-01,HOKKAIDO,2020-12-27,NA,NA,NA,NA,NA,NA,NA,NA,NA,NA,NA,NA,NA,NA,NA,NA,2021-01-08,NA,NA,NA,NA,北海道
JP-01,HOKKAIDO,2020-12-28,NA,NA,NA,NA,NA,NA,NA,NA,NA,NA,NA,NA,NA,NA,NA,NA,2021-01-08,NA,NA,NA,NA,北海道
JP-01,HOKKAIDO,2020-12-29,NA,NA,NA,NA,NA,NA,NA,NA,NA,NA,NA,NA,NA,NA,NA,NA,2021-01-08,NA,NA,NA,NA,北海道
JP-01,HOKKAIDO,2020-12-30,NA,NA,NA,NA,NA,NA,NA,NA,NA,NA,NA,NA,NA,NA,NA,NA,2021-01-08,NA,NA,NA,NA,北海道
JP-01,HOKKAIDO,2020-12-31,NA,NA,NA,NA,NA,NA,NA,NA,NA,NA,NA,NA,NA,NA,NA,NA,2021-01-08,NA,NA,NA,NA,北海道
JP-01,HOKKAIDO,2021-01-01,NA,NA,NA,NA,NA,NA,NA,NA,NA,NA,NA,NA,NA,NA,NA,NA,2021-01-08,NA,NA,NA,NA,北海道
JP-01,HOKKAIDO,2021-01-02,NA,NA,NA,NA,NA,NA,NA,NA,NA,NA,NA,NA,NA,NA,NA,NA,2021-01-08,NA,NA,NA,NA,北海道
JP-01,HOKKAIDO,2021-01-03,NA,NA,NA,NA,NA,NA,NA,NA,NA,NA,NA,NA,NA,NA,NA,NA,2021-01-08,NA,NA,NA,NA,北海道
JP-01,HOKKAIDO,2021-01-04,NA,NA,NA,NA,NA,NA,NA,NA,NA,NA,NA,NA,NA,NA,NA,NA,2021-01-08,NA,NA,NA,NA,北海道
JP-01,HOKKAIDO,2021-01-05,NA,NA,NA,NA,NA,NA,NA,NA,NA,NA,NA,NA,NA,NA,NA,NA,2021-01-08,NA,NA,NA,NA,北海道
JP-01,HOKKAIDO,2021-01-06,NA,NA,NA,NA,NA,NA,NA,NA,NA,NA,NA,NA,NA,NA,NA,NA,2021-01-08,NA,NA,NA,NA,北海道
JP-01,HOKKAIDO,2021-01-07,NA,NA,NA,NA,NA,NA,NA,NA,NA,NA,NA,NA,NA,NA,NA,NA,2021-01-08,NA,NA,NA,NA,北海道
JP-01,HOKKAIDO,2021-01-08,NA,NA,NA,NA,NA,NA,NA,NA,NA,NA,NA,NA,NA,NA,NA,NA,2021-01-08,NA,NA,NA,NA,北海道
JP-02,AOMORI,2020-12-12,NA,NA,NA,NA,NA,NA,NA,NA,NA,NA,NA,NA,NA,NA,NA,NA,2021-01-08,NA,NA,NA,NA,青森県
JP-02,AOMORI,2020-12-13,NA,NA,NA,NA,NA,NA,NA,NA,NA,NA,NA,NA,NA,NA,NA,NA,2021-01-08,NA,NA,FALSE,NA,青森県
JP-02,AOMORI,2020-12-14,NA,NA,NA,NA,NA,NA,NA,NA,NA,NA,NA,NA,NA,NA,NA,NA,2021-01-08,NA,NA,FALSE,NA,青森県
JP-02,AOMORI,2020-12-15,NA,NA,NA,NA,NA,NA,NA,NA,NA,NA,NA,NA,NA,NA,NA,NA,2021-01-08,NA,NA,FALSE,NA,青森県
JP-02,AOMORI,2020-12-16,NA,NA,NA,NA,NA,NA,NA,NA,NA,NA,NA,NA,NA,NA,NA,NA,2021-01-08,NA,NA,FALSE,TRUE,青森県
JP-02,AOMORI,2020-12-17,NA,NA,NA,NA,NA,NA,NA,NA,NA,NA,NA,NA,NA,NA,NA,NA,2021-01-08,NA,NA,FALSE,NA,青森県
JP-02,AOMORI,2020-12-18,NA,NA,NA,NA,NA,NA,NA,NA,NA,NA,NA,NA,NA,NA,NA,NA,2021-01-08,NA,NA,FALSE,FALSE,青森県
JP-02,AOMORI,2020-12-19,NA,NA,NA,NA,NA,NA,NA,NA,NA,NA,NA,NA,NA,NA,NA,NA,2021-01-08,NA,NA,FALSE,FALSE,青森県
JP-02,AOMORI,2020-12-20,NA,NA,NA,NA,NA,NA,NA,NA,NA,NA,NA,NA,NA,NA,NA,NA,2021-01-08,NA,NA,FALSE,FALSE,青森県
JP-02,AOMORI,2020-12-21,NA,NA,NA,NA,NA,NA,NA,NA,NA,NA,NA,NA,NA,NA,NA,NA,2021-01-08,NA,NA,FALSE,TRUE,青森県
JP-02,AOMORI,2020-12-22,NA,NA,NA,NA,NA,NA,NA,NA,NA,NA,NA,NA,NA,NA,NA,NA,2021-01-08,NA,NA,FALSE,NA,青森県
JP-02,AOMORI,2020-12-23,NA,NA,NA,NA,NA,NA,NA,NA,NA,NA,NA,NA,NA,NA,NA,NA,2021-01-08,NA,NA,FALSE,NA,青森県
JP-02,AOMORI,2020-12-24,NA,NA,NA,NA,NA,NA,NA,NA,NA,NA,NA,NA,NA,NA,NA,NA,2021-01-08,NA,NA,FALSE,NA,青森県
JP-02,AOMORI,2020-12-25,NA,NA,NA,NA,NA,NA,NA,NA,NA,NA,NA,NA,NA,NA,NA,NA,2021-01-08,NA,NA,FALSE,NA,青森県
JP-02,AOMORI,2020-12-26,NA,NA,NA,NA,NA,NA,NA,NA,NA,NA,NA,NA,NA,NA,NA,NA,2021-01-08,NA,NA,TRUE,NA,青森県
JP-02,AOMORI,2020-12-27,NA,NA,NA,NA,NA,NA,NA,NA,NA,NA,NA,NA,NA,NA,NA,NA,2021-01-08,NA,NA,FALSE,NA,青森県
JP-02,AOMORI,2020-12-28,NA,NA,NA,NA,NA,NA,NA,NA,NA,NA,NA,NA,NA,NA,NA,NA,2021-01-08,NA,NA,FALSE,NA,青森県
JP-02,AOMORI,2020-12-29,NA,NA,NA,NA,NA,NA,NA,NA,NA,NA,NA,NA,NA,NA,NA,NA,2021-01-08,NA,NA,TRUE,NA,青森県
JP-02,AOMORI,2020-12-30,NA,NA,NA,NA,NA,NA,NA,NA,NA,NA,NA,NA,NA,NA,NA,NA,2021-01-08,NA,NA,FALSE,NA,青森県
JP-02,AOMORI,2020-12-31,NA,NA,NA,NA,NA,NA,NA,NA,NA,NA,NA,NA,NA,NA,NA,NA,2021-01-08,NA,NA,FALSE,NA,青森県
JP-02,AOMORI,2021-01-01,NA,NA,NA,NA,NA,NA,NA,NA,NA,NA,NA,NA,NA,NA,NA,NA,2021-01-08,NA,NA,FALSE,NA,青森県
JP-02,AOMORI,2021-01-02,NA,NA,NA,NA,NA,NA,NA,NA,NA,NA,NA,NA,NA,NA,NA,NA,2021-01-08,NA,NA,FALSE,NA,青森県
JP-02,AOMORI,2021-01-03,NA,NA,NA,NA,NA,NA,NA,NA,NA,NA,NA,NA,NA,NA,NA,NA,2021-01-08,NA,NA,FALSE,NA,青森県
JP-02,AOMORI,2021-01-04,NA,NA,NA,NA,NA,NA,NA,NA,NA,NA,NA,NA,NA,NA,NA,NA,2021-01-08,NA,NA,FALSE,NA,青森県
JP-02,AOMORI,2021-01-05,NA,NA,NA,NA,NA,NA,NA,NA,NA,NA,NA,NA,NA,NA,NA,NA,2021-01-08,NA,NA,FALSE,NA,青森県
JP-02,AOMORI,2021-01-06,NA,NA,NA,NA,NA,NA,NA,NA,NA,NA,NA,NA,NA,NA,NA,NA,2021-01-08,NA,NA,FALSE,NA,青森県
JP-02,AOMORI,2021-01-07,NA,NA,NA,NA,NA,NA,NA,NA,NA,NA,NA,NA,NA,NA,NA,NA,2021-01-08,NA,NA,FALSE,NA,青森県
JP-02,AOMORI,2021-01-08,NA,NA,NA,NA,NA,NA,NA,NA,NA,NA,NA,NA,NA,NA,NA,NA,2021-01-08,NA,NA,FALSE,NA,青森県
JP-03,IWATE,2020-12-12,NA,NA,NA,NA,NA,NA,NA,NA,NA,NA,NA,NA,NA,NA,NA,NA,2021-01-08,NA,NA,NA,NA,岩手県
JP-03,IWATE,2020-12-13,NA,NA,NA,NA,NA,NA,NA,NA,NA,NA,NA,NA,NA,NA,NA,NA,2021-01-08,NA,NA,TRUE,NA,岩手県
JP-03,IWATE,2020-12-14,NA,NA,NA,NA,NA,NA,NA,NA,NA,NA,NA,NA,NA,NA,NA,NA,2021-01-08,NA,NA,TRUE,NA,岩手県
JP-03,IWATE,2020-12-15,NA,NA,NA,NA,NA,NA,NA,NA,NA,NA,NA,NA,NA,NA,NA,NA,2021-01-08,NA,NA,NA,NA,岩手県
JP-03,IWATE,2020-12-16,NA,NA,NA,NA,NA,NA,NA,NA,NA,NA,NA,NA,NA,NA,NA,NA,2021-01-08,NA,NA,FALSE,NA,岩手県
JP-03,IWATE,2020-12-17,NA,NA,NA,NA,NA,NA,NA,NA,NA,NA,NA,NA,NA,NA,NA,NA,2021-01-08,NA,NA,FALSE,NA,岩手県
JP-03,IWATE,2020-12-18,NA,NA,NA,NA,NA,NA,NA,NA,NA,NA,NA,NA,NA,NA,NA,NA,2021-01-08,NA,NA,NA,FALSE,岩手県
JP-03,IWATE,2020-12-19,NA,NA,NA,NA,NA,NA,NA,NA,NA,NA,NA,NA,NA,NA,NA,NA,2021-01-08,NA,NA,NA,NA,岩手県
JP-03,IWATE,2020-12-20,NA,NA,NA,NA,NA,NA,NA,NA,NA,NA,NA,NA,NA,NA,NA,NA,2021-01-08,NA,NA,NA,NA,岩手県
JP-03,IWATE,2020-12-21,NA,NA,NA,NA,NA,NA,NA,NA,NA,NA,NA,NA,NA,NA,NA,NA,2021-01-08,NA,NA,FALSE,TRUE,岩手県
JP-03,IWATE,2020-12-22,NA,NA,NA,NA,NA,NA,NA,NA,NA,NA,NA,NA,NA,NA,NA,NA,2021-01-08,NA,NA,NA,NA,岩手県
JP-03,IWATE,2020-12-23,NA,NA,NA,NA,NA,NA,NA,NA,NA,NA,NA,NA,NA,NA,NA,NA,2021-01-08,NA,NA,FALSE,NA,岩手県
JP-03,IWATE,2020-12-24,NA,NA,NA,NA,NA,NA,NA,NA,NA,NA,NA,NA,NA,NA,NA,NA,2021-01-08,NA,NA,NA,NA,岩手県
JP-03,IWATE,2020-12-25,NA,NA,NA,NA,NA,NA,NA,NA,NA,NA,NA,NA,NA,NA,NA,NA,2021-01-08,NA,NA,FALSE,NA,岩手県
JP-03,IWATE,2020-12-26,NA,NA,NA,NA,NA,NA,NA,NA,NA,NA,NA,NA,NA,NA,NA,NA,2021-01-08,NA,NA,FALSE,NA,岩手県
JP-03,IWATE,2020-12-27,NA,NA,NA,NA,NA,NA,NA,NA,NA,NA,NA,NA,NA,NA,NA,NA,2021-01-08,NA,NA,FALSE,NA,岩手県
JP-03,IWATE,2020-12-28,NA,NA,NA,NA,NA,NA,NA,NA,NA,NA,NA,NA,NA,NA,NA,NA,2021-01-08,NA,NA,FALSE,NA,岩手県
JP-03,IWATE,2020-12-29,NA,NA,NA,NA,NA,NA,NA,NA,NA,NA,NA,NA,NA,NA,NA,NA,2021-01-08,NA,NA,TRUE,TRUE,岩手県
JP-03,IWATE,2020-12-30,NA,NA,NA,NA,NA,NA,NA,NA,NA,NA,NA,NA,NA,NA,NA,NA,2021-01-08,NA,NA,TRUE,NA,岩手県
JP-03,IWATE,2020-12-31,NA,NA,NA,NA,NA,NA,NA,NA,NA,NA,NA,NA,NA,NA,NA,NA,2021-01-08,NA,NA,FALSE,NA,岩手県
JP-03,IWATE,2021-01-01,NA,NA,NA,NA,NA,NA,NA,NA,NA,NA,NA,NA,NA,NA,NA,NA,2021-01-08,NA,NA,FALSE,NA,岩手県
JP-03,IWATE,2021-01-02,NA,NA,NA,NA,NA,NA,NA,NA,NA,NA,NA,NA,NA,NA,NA,NA,2021-01-08,NA,NA,FALSE,FALSE,岩手県
JP-03,IWATE,2021-01-03,NA,NA,NA,NA,NA,NA,NA,NA,NA,NA,NA,NA,NA,NA,NA,NA,2021-01-08,NA,NA,FALSE,NA,岩手県
JP-03,IWATE,2021-01-04,NA,NA,NA,NA,NA,NA,NA,NA,NA,NA,NA,NA,NA,NA,NA,NA,2021-01-08,NA,NA,FALSE,FALSE,岩手県
JP-03,IWATE,2021-01-05,NA,NA,NA,NA,NA,NA,NA,NA,NA,NA,NA,NA,NA,NA,NA,NA,2021-01-08,NA,NA,FALSE,NA,岩手県
JP-03,IWATE,2021-01-06,NA,NA,NA,NA,NA,NA,NA,NA,NA,NA,NA,NA,NA,NA,NA,NA,2021-01-08,NA,NA,FALSE,NA,岩手県
JP-03,IWATE,2021-01-07,NA,NA,NA,NA,NA,NA,NA,NA,NA,NA,NA,NA,NA,NA,NA,NA,2021-01-08,NA,NA,FALSE,NA,岩手県
JP-03,IWATE,2021-01-08,NA,NA,NA,NA,NA,NA,NA,NA,NA,NA,NA,NA,NA,NA,NA,NA,2021-01-08,NA,NA,TRUE,NA,岩手県
JP-04,MIYAGI,2020-12-12,NA,NA,NA,NA,NA,NA,NA,NA,NA,NA,NA,NA,NA,NA,NA,NA,2021-01-08,NA,NA,NA,NA,宮城県
JP-04,MIYAGI,2020-12-13,NA,NA,NA,NA,NA,NA,NA,NA,NA,NA,NA,NA,NA,NA,NA,NA,2021-01-08,NA,NA,FALSE,NA,宮城県
JP-04,MIYAGI,2020-12-14,NA,NA,NA,NA,NA,NA,NA,NA,NA,NA,NA,NA,NA,NA,NA,NA,2021-01-08,NA,NA,FALSE,NA,宮城県
JP-04,MIYAGI,2020-12-15,NA,NA,NA,NA,NA,NA,NA,NA,NA,NA,NA,NA,NA,NA,NA,NA,2021-01-08,NA,NA,FALSE,NA,宮城県
JP-04,MIYAGI,2020-12-16,NA,NA,NA,NA,NA,NA,NA,NA,NA,NA,NA,NA,NA,NA,NA,NA,2021-01-08,NA,NA,FALSE,NA,宮城県
JP-04,MIYAGI,2020-12-17,NA,NA,NA,NA,NA,NA,NA,NA,NA,NA,NA,NA,NA,NA,NA,NA,2021-01-08,NA,NA,FALSE,NA,宮城県
JP-04,MIYAGI,2020-12-18,NA,NA,NA,NA,NA,NA,NA,NA,NA,NA,NA,NA,NA,NA,NA,NA,2021-01-08,NA,NA,FALSE,NA,宮城県
JP-04,MIYAGI,2020-12-19,NA,NA,NA,NA,NA,NA,NA,NA,NA,NA,NA,NA,NA,NA,NA,NA,2021-01-08,NA,NA,FALSE,NA,宮城県
JP-04,MIYAGI,2020-12-20,NA,NA,NA,NA,NA,NA,NA,NA,NA,NA,NA,NA,NA,NA,NA,NA,2021-01-08,NA,NA,FALSE,NA,宮城県
JP-04,MIYAGI,2020-12-21,NA,NA,NA,NA,NA,NA,NA,NA,NA,NA,NA,NA,NA,NA,NA,NA,2021-01-08,NA,NA,FALSE,NA,宮城県
JP-04,MIYAGI,2020-12-22,NA,NA,NA,NA,NA,NA,NA,NA,NA,NA,NA,NA,NA,NA,NA,NA,2021-01-08,NA,NA,FALSE,NA,宮城県
JP-04,MIYAGI,2020-12-23,NA,NA,NA,NA,NA,NA,NA,NA,NA,NA,NA,NA,NA,NA,NA,NA,2021-01-08,NA,NA,FALSE,NA,宮城県
JP-04,MIYAGI,2020-12-24,NA,NA,NA,NA,NA,NA,NA,NA,NA,NA,NA,NA,NA,NA,NA,NA,2021-01-08,NA,NA,TRUE,NA,宮城県
JP-04,MIYAGI,2020-12-25,NA,NA,NA,NA,NA,NA,NA,NA,NA,NA,NA,NA,NA,NA,NA,NA,2021-01-08,NA,NA,FALSE,NA,宮城県
JP-04,MIYAGI,2020-12-26,NA,NA,NA,NA,NA,NA,NA,NA,NA,NA,NA,NA,NA,NA,NA,NA,2021-01-08,NA,NA,FALSE,NA,宮城県
JP-04,MIYAGI,2020-12-27,NA,NA,NA,NA,NA,NA,NA,NA,NA,NA,NA,NA,NA,NA,NA,NA,2021-01-08,NA,NA,TRUE,NA,宮城県
JP-04,MIYAGI,2020-12-28,NA,NA,NA,NA,NA,NA,NA,NA,NA,NA,NA,NA,NA,NA,NA,NA,2021-01-08,NA,NA,FALSE,NA,宮城県
JP-04,MIYAGI,2020-12-29,NA,NA,NA,NA,NA,NA,NA,NA,NA,NA,NA,NA,NA,NA,NA,NA,2021-01-08,NA,NA,FALSE,NA,宮城県
JP-04,MIYAGI,2020-12-30,NA,NA,NA,NA,NA,NA,NA,NA,NA,NA,NA,NA,NA,NA,NA,NA,2021-01-08,NA,NA,NA,NA,宮城県
JP-04,MIYAGI,2020-12-31,NA,NA,NA,NA,NA,NA,NA,NA,NA,NA,NA,NA,NA,NA,NA,NA,2021-01-08,NA,NA,FALSE,NA,宮城県
JP-04,MIYAGI,2021-01-01,NA,NA,NA,NA,NA,NA,NA,NA,NA,NA,NA,NA,NA,NA,NA,NA,2021-01-08,NA,NA,FALSE,NA,宮城県
JP-04,MIYAGI,2021-01-02,NA,NA,NA,NA,NA,NA,NA,NA,NA,NA,NA,NA,NA,NA,NA,NA,2021-01-08,NA,NA,FALSE,NA,宮城県
JP-04,MIYAGI,2021-01-03,NA,NA,NA,NA,NA,NA,NA,NA,NA,NA,NA,NA,NA,NA,NA,NA,2021-01-08,NA,NA,FALSE,NA,宮城県
JP-04,MIYAGI,2021-01-04,NA,NA,NA,NA,NA,NA,NA,NA,NA,NA,NA,NA,NA,NA,NA,NA,2021-01-08,NA,NA,FALSE,NA,宮城県
JP-04,MIYAGI,2021-01-05,NA,NA,NA,NA,NA,NA,NA,NA,NA,NA,NA,NA,NA,NA,NA,NA,2021-01-08,NA,NA,FALSE,NA,宮城県
JP-04,MIYAGI,2021-01-06,NA,NA,NA,NA,NA,NA,NA,NA,NA,NA,NA,NA,NA,NA,NA,NA,2021-01-08,NA,NA,FALSE,NA,宮城県
JP-04,MIYAGI,2021-01-07,NA,NA,NA,NA,NA,NA,NA,NA,NA,NA,NA,NA,NA,NA,NA,NA,2021-01-08,NA,NA,FALSE,NA,宮城県
JP-04,MIYAGI,2021-01-08,NA,NA,NA,NA,NA,NA,NA,NA,NA,NA,NA,NA,NA,NA,NA,NA,2021-01-08,NA,NA,FALSE,NA,宮城県
JP-05,AKITA,2020-12-12,NA,NA,NA,NA,NA,NA,NA,NA,NA,NA,NA,NA,NA,TRUE,NA,NA,2021-01-08,NA,NA,NA,NA,秋田県
JP-05,AKITA,2020-12-13,NA,NA,NA,NA,NA,NA,NA,NA,NA,NA,NA,NA,NA,TRUE,NA,NA,2021-01-08,NA,NA,FALSE,NA,秋田県
JP-05,AKITA,2020-12-14,NA,NA,NA,NA,NA,NA,NA,NA,NA,NA,NA,NA,NA,TRUE,NA,NA,2021-01-08,NA,NA,FALSE,FALSE,秋田県
JP-05,AKITA,2020-12-15,NA,NA,NA,NA,NA,NA,NA,NA,NA,NA,NA,NA,NA,TRUE,NA,NA,2021-01-08,NA,NA,FALSE,FALSE,秋田県
JP-05,AKITA,2020-12-16,NA,NA,NA,NA,NA,NA,NA,NA,NA,NA,NA,NA,NA,TRUE,NA,NA,2021-01-08,NA,NA,FALSE,FALSE,秋田県
JP-05,AKITA,2020-12-17,NA,NA,NA,NA,NA,NA,NA,NA,NA,NA,NA,NA,NA,TRUE,NA,NA,2021-01-08,NA,NA,FALSE,FALSE,秋田県
JP-05,AKITA,2020-12-18,NA,NA,NA,NA,NA,NA,NA,NA,NA,NA,NA,NA,NA,TRUE,NA,NA,2021-01-08,NA,NA,FALSE,FALSE,秋田県
JP-05,AKITA,2020-12-19,NA,NA,NA,NA,NA,NA,NA,NA,NA,NA,NA,NA,NA,TRUE,NA,NA,2021-01-08,NA,NA,FALSE,TRUE,秋田県
JP-05,AKITA,2020-12-20,NA,NA,NA,NA,NA,NA,NA,NA,NA,NA,NA,NA,NA,TRUE,NA,NA,2021-01-08,NA,NA,FALSE,FALSE,秋田県
JP-05,AKITA,2020-12-21,NA,NA,NA,NA,NA,NA,NA,NA,NA,NA,NA,NA,NA,TRUE,NA,NA,2021-01-08,NA,NA,FALSE,FALSE,秋田県
JP-05,AKITA,2020-12-22,NA,NA,NA,NA,NA,NA,NA,NA,NA,NA,NA,NA,NA,TRUE,NA,NA,2021-01-08,NA,NA,FALSE,TRUE,秋田県
JP-05,AKITA,2020-12-23,NA,NA,NA,NA,NA,NA,NA,NA,NA,NA,NA,NA,NA,TRUE,NA,NA,2021-01-08,NA,NA,FALSE,NA,秋田県
JP-05,AKITA,2020-12-24,NA,NA,NA,NA,NA,NA,NA,NA,NA,NA,NA,NA,NA,TRUE,NA,NA,2021-01-08,NA,NA,FALSE,TRUE,秋田県
JP-05,AKITA,2020-12-25,NA,NA,NA,NA,NA,NA,NA,NA,NA,NA,NA,NA,NA,TRUE,NA,NA,2021-01-08,NA,NA,FALSE,NA,秋田県
JP-05,AKITA,2020-12-26,NA,NA,NA,NA,NA,NA,NA,NA,NA,NA,NA,NA,NA,TRUE,NA,NA,2021-01-08,NA,NA,FALSE,NA,秋田県
JP-05,AKITA,2020-12-27,NA,NA,NA,NA,NA,NA,NA,NA,NA,NA,NA,NA,NA,TRUE,NA,NA,2021-01-08,NA,NA,FALSE,NA,秋田県
JP-05,AKITA,2020-12-28,NA,NA,NA,NA,NA,NA,NA,NA,NA,NA,NA,NA,NA,TRUE,NA,NA,2021-01-08,NA,NA,FALSE,FALSE,秋田県
JP-05,AKITA,2020-12-29,NA,NA,NA,NA,NA,NA,NA,NA,NA,NA,NA,NA,NA,TRUE,NA,NA,2021-01-08,NA,NA,FALSE,NA,秋田県
JP-05,AKITA,2020-12-30,NA,NA,NA,NA,NA,NA,NA,NA,NA,NA,NA,NA,NA,TRUE,NA,NA,2021-01-08,NA,NA,FALSE,NA,秋田県
JP-05,AKITA,2020-12-31,NA,NA,NA,NA,NA,NA,NA,NA,NA,NA,NA,NA,NA,TRUE,NA,NA,2021-01-08,NA,NA,FALSE,NA,秋田県
JP-05,AKITA,2021-01-01,NA,NA,NA,NA,NA,NA,NA,NA,NA,NA,NA,NA,NA,TRUE,NA,NA,2021-01-08,NA,NA,FALSE,NA,秋田県
JP-05,AKITA,2021-01-02,NA,NA,NA,NA,NA,NA,NA,NA,NA,NA,NA,NA,NA,TRUE,NA,NA,2021-01-08,NA,NA,FALSE,FALSE,秋田県
JP-05,AKITA,2021-01-03,NA,NA,NA,NA,NA,NA,NA,NA,NA,NA,NA,NA,NA,TRUE,NA,NA,2021-01-08,NA,NA,FALSE,NA,秋田県
JP-05,AKITA,2021-01-04,NA,NA,NA,NA,NA,NA,NA,NA,NA,NA,NA,NA,NA,TRUE,NA,NA,2021-01-08,NA,NA,FALSE,NA,秋田県
JP-05,AKITA,2021-01-05,NA,NA,NA,NA,NA,NA,NA,NA,NA,NA,NA,NA,NA,TRUE,NA,NA,2021-01-08,NA,NA,FALSE,NA,秋田県
JP-05,AKITA,2021-01-06,NA,NA,NA,NA,NA,NA,NA,NA,NA,NA,NA,NA,NA,TRUE,NA,NA,2021-01-08,NA,NA,FALSE,NA,秋田県
JP-05,AKITA,2021-01-07,NA,NA,NA,NA,NA,NA,NA,NA,NA,NA,NA,NA,NA,TRUE,NA,NA,2021-01-08,NA,NA,FALSE,NA,秋田県
JP-05,AKITA,2021-01-08,NA,NA,NA,NA,NA,NA,NA,NA,NA,NA,NA,NA,NA,TRUE,NA,NA,2021-01-08,NA,NA,FALSE,NA,秋田県
JP-06,YAMAGATA,2020-12-12,NA,NA,NA,NA,NA,NA,NA,NA,NA,NA,NA,NA,NA,TRUE,NA,NA,2021-01-08,NA,NA,NA,NA,山形県
JP-06,YAMAGATA,2020-12-13,NA,NA,NA,NA,NA,NA,NA,NA,NA,NA,NA,NA,NA,TRUE,NA,NA,2021-01-08,NA,NA,FALSE,NA,山形県
JP-06,YAMAGATA,2020-12-14,NA,NA,NA,NA,NA,NA,NA,NA,NA,NA,NA,NA,NA,TRUE,NA,NA,2021-01-08,NA,NA,FALSE,NA,山形県
JP-06,YAMAGATA,2020-12-15,NA,NA,NA,NA,NA,NA,NA,NA,NA,NA,NA,NA,NA,TRUE,NA,NA,2021-01-08,NA,NA,FALSE,NA,山形県
JP-06,YAMAGATA,2020-12-16,NA,NA,NA,NA,NA,NA,NA,NA,NA,NA,NA,NA,NA,TRUE,NA,NA,2021-01-08,NA,NA,FALSE,NA,山形県
JP-06,YAMAGATA,2020-12-17,NA,NA,NA,NA,NA,NA,NA,NA,NA,NA,NA,NA,NA,TRUE,NA,NA,2021-01-08,NA,NA,FALSE,NA,山形県
JP-06,YAMAGATA,2020-12-18,NA,NA,NA,NA,NA,NA,NA,NA,NA,NA,NA,NA,NA,NA,NA,NA,2021-01-08,NA,NA,TRUE,NA,山形県
JP-06,YAMAGATA,2020-12-19,NA,NA,NA,NA,NA,NA,NA,NA,NA,NA,NA,NA,NA,NA,NA,NA,2021-01-08,NA,NA,FALSE,FALSE,山形県
JP-06,YAMAGATA,2020-12-20,NA,NA,NA,NA,NA,NA,NA,NA,NA,NA,NA,NA,NA,NA,NA,NA,2021-01-08,NA,NA,FALSE,FALSE,山形県
JP-06,YAMAGATA,2020-12-21,NA,NA,NA,NA,NA,NA,NA,NA,NA,NA,NA,NA,NA,NA,NA,NA,2021-01-08,NA,NA,TRUE,NA,山形県
JP-06,YAMAGATA,2020-12-22,NA,NA,NA,NA,NA,NA,NA,NA,NA,NA,NA,NA,NA,NA,NA,NA,2021-01-08,NA,NA,FALSE,NA,山形県
JP-06,YAMAGATA,2020-12-23,NA,NA,NA,NA,NA,NA,NA,NA,NA,NA,NA,NA,NA,NA,NA,NA,2021-01-08,NA,NA,FALSE,NA,山形県
JP-06,YAMAGATA,2020-12-24,NA,NA,NA,NA,NA,NA,NA,NA,NA,NA,NA,NA,NA,NA,NA,NA,2021-01-08,NA,NA,FALSE,NA,山形県
JP-06,YAMAGATA,2020-12-25,NA,NA,NA,NA,NA,NA,NA,NA,NA,NA,NA,NA,NA,NA,NA,NA,2021-01-08,NA,NA,FALSE,NA,山形県
JP-06,YAMAGATA,2020-12-26,NA,NA,NA,NA,NA,NA,NA,NA,NA,NA,NA,NA,NA,NA,NA,NA,2021-01-08,NA,NA,TRUE,NA,山形県
JP-06,YAMAGATA,2020-12-27,NA,NA,NA,NA,NA,NA,NA,NA,NA,NA,NA,NA,NA,NA,NA,NA,2021-01-08,NA,NA,FALSE,NA,山形県
JP-06,YAMAGATA,2020-12-28,NA,NA,NA,NA,NA,NA,NA,NA,NA,NA,NA,NA,NA,NA,NA,NA,2021-01-08,NA,NA,TRUE,NA,山形県
JP-06,YAMAGATA,2020-12-29,NA,NA,NA,NA,NA,NA,NA,NA,NA,NA,NA,NA,NA,NA,NA,NA,2021-01-08,NA,NA,TRUE,NA,山形県
JP-06,YAMAGATA,2020-12-30,NA,NA,NA,NA,NA,NA,NA,NA,NA,NA,NA,NA,NA,NA,NA,NA,2021-01-08,NA,NA,FALSE,NA,山形県
JP-06,YAMAGATA,2020-12-31,NA,NA,NA,NA,NA,NA,NA,NA,NA,NA,NA,NA,NA,NA,NA,NA,2021-01-08,NA,NA,FALSE,NA,山形県
JP-06,YAMAGATA,2021-01-01,NA,NA,NA,NA,NA,NA,NA,NA,NA,NA,NA,NA,NA,NA,NA,NA,2021-01-08,NA,NA,TRUE,NA,山形県
JP-06,YAMAGATA,2021-01-02,NA,NA,NA,NA,NA,NA,NA,NA,NA,NA,NA,NA,NA,NA,NA,NA,2021-01-08,NA,NA,NA,TRUE,山形県
JP-06,YAMAGATA,2021-01-03,NA,NA,NA,NA,NA,NA,NA,NA,NA,NA,NA,NA,NA,NA,NA,NA,2021-01-08,NA,NA,FALSE,NA,山形県
JP-06,YAMAGATA,2021-01-04,NA,NA,NA,NA,NA,NA,NA,NA,NA,NA,NA,NA,NA,NA,NA,NA,2021-01-08,NA,NA,FALSE,NA,山形県
JP-06,YAMAGATA,2021-01-05,NA,NA,NA,NA,NA,NA,NA,NA,NA,NA,NA,NA,NA,NA,NA,NA,2021-01-08,NA,NA,FALSE,NA,山形県
JP-06,YAMAGATA,2021-01-06,NA,NA,NA,NA,NA,NA,NA,NA,NA,NA,NA,NA,NA,NA,NA,NA,2021-01-08,NA,NA,FALSE,NA,山形県
JP-06,YAMAGATA,2021-01-07,NA,NA,NA,NA,NA,NA,NA,NA,NA,NA,NA,NA,NA,NA,NA,NA,2021-01-08,NA,NA,FALSE,TRUE,山形県
JP-06,YAMAGATA,2021-01-08,NA,NA,NA,NA,NA,NA,NA,NA,NA,NA,NA,NA,NA,NA,NA,NA,2021-01-08,NA,NA,FALSE,NA,山形県
JP-07,FUKUSHIMA,2020-12-12,NA,NA,NA,NA,NA,NA,NA,NA,NA,NA,NA,NA,NA,NA,NA,NA,2021-01-08,NA,NA,NA,NA,福島県
JP-07,FUKUSHIMA,2020-12-13,NA,NA,NA,NA,NA,NA,NA,NA,NA,NA,NA,NA,NA,NA,NA,NA,2021-01-08,NA,NA,FALSE,NA,福島県
JP-07,FUKUSHIMA,2020-12-14,NA,NA,NA,NA,NA,NA,NA,NA,NA,NA,NA,NA,NA,NA,NA,NA,2021-01-08,NA,NA,FALSE,NA,福島県
JP-07,FUKUSHIMA,2020-12-15,NA,NA,NA,NA,NA,NA,NA,NA,NA,NA,NA,NA,NA,NA,NA,NA,2021-01-08,NA,NA,FALSE,NA,福島県
JP-07,FUKUSHIMA,2020-12-16,NA,NA,NA,NA,NA,NA,NA,NA,NA,NA,NA,NA,NA,NA,NA,NA,2021-01-08,NA,NA,TRUE,NA,福島県
JP-07,FUKUSHIMA,2020-12-17,NA,NA,NA,NA,NA,NA,NA,NA,NA,NA,NA,NA,NA,NA,NA,NA,2021-01-08,NA,NA,FALSE,NA,福島県
JP-07,FUKUSHIMA,2020-12-18,NA,NA,NA,NA,NA,NA,NA,NA,NA,NA,NA,NA,NA,NA,NA,NA,2021-01-08,NA,NA,TRUE,NA,福島県
JP-07,FUKUSHIMA,2020-12-19,NA,NA,NA,NA,NA,NA,NA,NA,NA,NA,NA,NA,NA,NA,NA,NA,2021-01-08,NA,NA,FALSE,NA,福島県
JP-07,FUKUSHIMA,2020-12-20,NA,NA,NA,NA,NA,NA,NA,NA,NA,NA,NA,NA,NA,NA,NA,NA,2021-01-08,NA,NA,FALSE,NA,福島県
JP-07,FUKUSHIMA,2020-12-21,NA,NA,NA,NA,NA,NA,NA,NA,NA,NA,NA,NA,NA,NA,NA,NA,2021-01-08,NA,NA,TRUE,NA,福島県
JP-07,FUKUSHIMA,2020-12-22,NA,NA,NA,NA,NA,NA,NA,NA,NA,NA,NA,NA,NA,NA,NA,NA,2021-01-08,NA,NA,FALSE,NA,福島県
JP-07,FUKUSHIMA,2020-12-23,NA,NA,NA,NA,NA,NA,NA,NA,NA,NA,NA,NA,NA,NA,NA,NA,2021-01-08,NA,NA,NA,NA,福島県
JP-07,FUKUSHIMA,2020-12-24,NA,NA,NA,NA,NA,NA,NA,NA,NA,NA,NA,NA,NA,NA,NA,NA,2021-01-08,NA,NA,TRUE,NA,福島県
JP-07,FUKUSHIMA,2020-12-25,NA,NA,NA,NA,NA,NA,NA,NA,NA,NA,NA,NA,NA,NA,NA,NA,2021-01-08,NA,NA,FALSE,NA,福島県
JP-07,FUKUSHIMA,2020-12-26,NA,NA,NA,NA,NA,NA,NA,NA,NA,NA,NA,NA,NA,NA,NA,NA,2021-01-08,NA,NA,NA,NA,福島県
JP-07,FUKUSHIMA,2020-12-27,NA,NA,NA,NA,NA,NA,NA,NA,NA,NA,NA,NA,NA,NA,NA,NA,2021-01-08,NA,NA,FALSE,NA,福島県
JP-07,FUKUSHIMA,2020-12-28,NA,NA,NA,NA,NA,NA,NA,NA,NA,NA,NA,NA,NA,NA,NA,NA,2021-01-08,NA,NA,NA,NA,福島県
JP-07,FUKUSHIMA,2020-12-29,NA,NA,NA,NA,NA,NA,NA,NA,NA,NA,NA,NA,NA,NA,NA,NA,2021-01-08,NA,NA,FALSE,NA,福島県
JP-07,FUKUSHIMA,2020-12-30,NA,NA,NA,NA,NA,NA,NA,NA,NA,NA,NA,NA,NA,NA,NA,NA,2021-01-08,NA,NA,TRUE,NA,福島県
JP-07,FUKUSHIMA,2020-12-31,NA,NA,NA,NA,NA,NA,NA,NA,NA,NA,NA,NA,NA,NA,NA,NA,2021-01-08,NA,NA,FALSE,NA,福島県
JP-07,FUKUSHIMA,2021-01-01,NA,NA,NA,NA,NA,NA,NA,NA,NA,NA,NA,NA,NA,NA,NA,NA,2021-01-08,NA,NA,TRUE,NA,福島県
JP-07,FUKUSHIMA,2021-01-02,NA,NA,NA,NA,NA,NA,NA,NA,NA,NA,NA,NA,NA,NA,NA,NA,2021-01-08,NA,NA,FALSE,NA,福島県
JP-07,FUKUSHIMA,2021-01-03,NA,NA,NA,NA,NA,NA,NA,NA,NA,NA,NA,NA,NA,NA,NA,NA,2021-01-08,NA,NA,FALSE,NA,福島県
JP-07,FUKUSHIMA,2021-01-04,NA,NA,NA,NA,NA,NA,NA,NA,NA,NA,NA,NA,NA,NA,NA,NA,2021-01-08,NA,NA,TRUE,NA,福島県
JP-07,FUKUSHIMA,2021-01-05,NA,NA,NA,NA,NA,NA,NA,NA,NA,NA,NA,NA,NA,NA,NA,NA,2021-01-08,NA,NA,NA,NA,福島県
JP-07,FUKUSHIMA,2021-01-06,NA,NA,NA,NA,NA,NA,NA,NA,NA,NA,NA,NA,NA,NA,NA,NA,2021-01-08,NA,NA,NA,NA,福島県
JP-07,FUKUSHIMA,2021-01-07,NA,NA,NA,NA,NA,NA,NA,NA,NA,NA,NA,NA,NA,NA,NA,NA,2021-01-08,NA,NA,TRUE,NA,福島県
JP-07,FUKUSHIMA,2021-01-08,NA,NA,NA,NA,NA,NA,NA,NA,NA,NA,NA,NA,NA,NA,NA,NA,2021-01-08,NA,NA,TRUE,NA,福島県
JP-08,IBARAKI,2020-12-12,NA,NA,NA,NA,NA,NA,NA,NA,NA,NA,NA,NA,NA,NA,NA,NA,2021-01-08,NA,NA,NA,NA,茨城県
JP-08,IBARAKI,2020-12-13,NA,NA,NA,NA,NA,NA,NA,NA,NA,NA,NA,NA,NA,NA,NA,NA,2021-01-08,NA,NA,NA,NA,茨城県
JP-08,IBARAKI,2020-12-14,NA,NA,NA,NA,NA,NA,NA,NA,NA,NA,NA,NA,NA,NA,NA,NA,2021-01-08,NA,NA,NA,NA,茨城県
JP-08,IBARAKI,2020-12-15,NA,NA,NA,NA,NA,NA,NA,NA,NA,NA,NA,NA,NA,NA,NA,NA,2021-01-08,NA,NA,TRUE,NA,茨城県
JP-08,IBARAKI,2020-12-16,NA,NA,NA,NA,NA,NA,NA,NA,NA,NA,NA,NA,NA,NA,NA,NA,2021-01-08,NA,NA,FALSE,NA,茨城県
JP-08,IBARAKI,2020-12-17,NA,NA,NA,NA,NA,NA,NA,NA,NA,NA,NA,NA,NA,NA,NA,NA,2021-01-08,NA,NA,NA,NA,茨城県
JP-08,IBARAKI,2020-12-18,NA,NA,NA,NA,NA,NA,NA,NA,NA,NA,NA,NA,NA,NA,NA,NA,2021-01-08,NA,NA,FALSE,NA,茨城県
JP-08,IBARAKI,2020-12-19,NA,NA,NA,NA,NA,NA,NA,NA,NA,NA,NA,NA,NA,NA,NA,NA,2021-01-08,NA,NA,FALSE,NA,茨城県
JP-08,IBARAKI,2020-12-20,NA,NA,NA,NA,NA,NA,NA,NA,NA,NA,NA,NA,NA,NA,NA,NA,2021-01-08,NA,NA,FALSE,NA,茨城県
JP-08,IBARAKI,2020-12-21,NA,NA,NA,NA,NA,NA,NA,NA,NA,NA,NA,NA,NA,NA,NA,NA,2021-01-08,NA,NA,FALSE,NA,茨城県
JP-08,IBARAKI,2020-12-22,NA,NA,NA,NA,NA,NA,NA,NA,NA,NA,NA,NA,NA,NA,NA,NA,2021-01-08,NA,NA,FALSE,NA,茨城県
JP-08,IBARAKI,2020-12-23,NA,NA,NA,NA,NA,NA,NA,NA,NA,NA,NA,NA,NA,NA,NA,NA,2021-01-08,NA,NA,TRUE,NA,茨城県
JP-08,IBARAKI,2020-12-24,NA,NA,NA,NA,NA,NA,NA,NA,NA,NA,NA,NA,NA,NA,NA,NA,2021-01-08,NA,NA,FALSE,NA,茨城県
JP-08,IBARAKI,2020-12-25,NA,NA,NA,NA,NA,NA,NA,NA,NA,NA,NA,NA,NA,NA,NA,NA,2021-01-08,NA,NA,FALSE,NA,茨城県
JP-08,IBARAKI,2020-12-26,NA,NA,NA,NA,NA,NA,NA,NA,NA,NA,NA,NA,NA,NA,NA,NA,2021-01-08,NA,NA,FALSE,NA,茨城県
JP-08,IBARAKI,2020-12-27,NA,NA,NA,NA,NA,NA,NA,NA,NA,NA,NA,NA,NA,NA,NA,NA,2021-01-08,NA,NA,FALSE,NA,茨城県
JP-08,IBARAKI,2020-12-28,NA,NA,NA,NA,NA,NA,NA,NA,NA,NA,NA,NA,NA,NA,NA,NA,2021-01-08,NA,NA,TRUE,NA,茨城県
JP-08,IBARAKI,2020-12-29,NA,NA,NA,NA,NA,NA,NA,NA,NA,NA,NA,NA,NA,NA,NA,NA,2021-01-08,NA,NA,FALSE,NA,茨城県
JP-08,IBARAKI,2020-12-30,NA,NA,NA,NA,NA,NA,NA,NA,NA,NA,NA,NA,NA,NA,NA,NA,2021-01-08,NA,NA,FALSE,NA,茨城県
JP-08,IBARAKI,2020-12-31,NA,NA,NA,NA,NA,NA,NA,NA,NA,NA,NA,NA,NA,NA,NA,NA,2021-01-08,NA,NA,FALSE,NA,茨城県
JP-08,IBARAKI,2021-01-01,NA,NA,NA,NA,NA,NA,NA,NA,NA,NA,NA,NA,NA,NA,NA,NA,2021-01-08,NA,NA,NA,NA,茨城県
JP-08,IBARAKI,2021-01-02,NA,NA,NA,NA,NA,NA,NA,NA,NA,NA,NA,NA,NA,NA,NA,NA,2021-01-08,NA,NA,FALSE,NA,茨城県
JP-08,IBARAKI,2021-01-03,NA,NA,NA,NA,NA,NA,NA,NA,NA,NA,NA,NA,NA,NA,NA,NA,2021-01-08,NA,NA,FALSE,NA,茨城県
JP-08,IBARAKI,2021-01-04,NA,NA,NA,NA,NA,NA,NA,NA,NA,NA,NA,NA,NA,NA,NA,NA,2021-01-08,NA,NA,FALSE,NA,茨城県
JP-08,IBARAKI,2021-01-05,NA,NA,NA,NA,NA,NA,NA,NA,NA,NA,NA,NA,NA,NA,NA,NA,2021-01-08,NA,NA,FALSE,NA,茨城県
JP-08,IBARAKI,2021-01-06,NA,NA,NA,NA,NA,NA,NA,NA,NA,NA,NA,NA,NA,NA,NA,NA,2021-01-08,NA,NA,TRUE,NA,茨城県
JP-08,IBARAKI,2021-01-07,NA,NA,NA,NA,NA,NA,NA,NA,NA,NA,NA,NA,NA,NA,NA,NA,2021-01-08,NA,NA,FALSE,NA,茨城県
JP-08,IBARAKI,2021-01-08,NA,NA,NA,NA,NA,NA,NA,NA,NA,NA,NA,NA,NA,NA,NA,NA,2021-01-08,NA,NA,FALSE,NA,茨城県
JP-09,TOCHIGI,2020-12-12,NA,NA,NA,NA,NA,NA,NA,NA,NA,NA,NA,NA,NA,NA,NA,NA,2021-01-08,NA,NA,NA,NA,栃木県
JP-09,TOCHIGI,2020-12-13,NA,NA,NA,NA,NA,NA,NA,NA,NA,NA,NA,NA,NA,NA,NA,NA,2021-01-08,NA,NA,FALSE,NA,栃木県
JP-09,TOCHIGI,2020-12-14,NA,NA,NA,NA,NA,NA,NA,NA,NA,NA,NA,NA,NA,NA,NA,NA,2021-01-08,NA,NA,FALSE,NA,栃木県
JP-09,TOCHIGI,2020-12-15,NA,NA,NA,NA,NA,NA,NA,NA,NA,NA,NA,NA,NA,NA,NA,NA,2021-01-08,NA,NA,FALSE,NA,栃木県
JP-09,TOCHIGI,2020-12-16,NA,NA,NA,NA,NA,NA,NA,NA,NA,NA,NA,NA,NA,NA,NA,NA,2021-01-08,NA,NA,FALSE,NA,栃木県
JP-09,TOCHIGI,2020-12-17,NA,NA,NA,NA,NA,NA,NA,NA,NA,NA,NA,NA,NA,NA,NA,NA,2021-01-08,NA,NA,TRUE,NA,栃木県
JP-09,TOCHIGI,2020-12-18,NA,NA,NA,NA,NA,NA,NA,NA,NA,NA,NA,NA,NA,NA,NA,NA,2021-01-08,NA,NA,FALSE,FALSE,栃木県
JP-09,TOCHIGI,2020-12-19,NA,NA,NA,NA,NA,NA,NA,NA,NA,NA,NA,NA,NA,NA,NA,NA,2021-01-08,NA,NA,FALSE,NA,栃木県
JP-09,TOCHIGI,2020-12-20,NA,NA,NA,NA,NA,NA,NA,NA,NA,NA,NA,NA,NA,NA,NA,NA,2021-01-08,NA,NA,FALSE,NA,栃木県
JP-09,TOCHIGI,2020-12-21,NA,NA,NA,NA,NA,NA,NA,NA,NA,NA,NA,NA,NA,NA,NA,NA,2021-01-08,NA,NA,TRUE,NA,栃木県
JP-09,TOCHIGI,2020-12-22,NA,NA,NA,NA,NA,NA,NA,NA,NA,NA,NA,NA,NA,NA,NA,NA,2021-01-08,NA,NA,FALSE,NA,栃木県
JP-09,TOCHIGI,2020-12-23,NA,NA,NA,NA,NA,NA,NA,NA,NA,NA,NA,NA,NA,NA,NA,NA,2021-01-08,NA,NA,FALSE,NA,栃木県
JP-09,TOCHIGI,2020-12-24,NA,NA,NA,NA,NA,NA,NA,NA,NA,NA,NA,NA,NA,NA,NA,NA,2021-01-08,NA,NA,NA,NA,栃木県
JP-09,TOCHIGI,2020-12-25,NA,NA,NA,NA,NA,NA,NA,NA,NA,NA,NA,NA,NA,NA,NA,NA,2021-01-08,NA,NA,FALSE,NA,栃木県
JP-09,TOCHIGI,2020-12-26,NA,NA,NA,NA,NA,NA,NA,NA,NA,NA,NA,NA,NA,NA,NA,NA,2021-01-08,NA,NA,FALSE,NA,栃木県
JP-09,TOCHIGI,2020-12-27,NA,NA,NA,NA,NA,NA,NA,NA,NA,NA,NA,NA,NA,NA,NA,NA,2021-01-08,NA,NA,FALSE,NA,栃木県
JP-09,TOCHIGI,2020-12-28,NA,NA,NA,NA,NA,NA,NA,NA,NA,NA,NA,NA,NA,NA,NA,NA,2021-01-08,NA,NA,FALSE,NA,栃木県
JP-09,TOCHIGI,2020-12-29,NA,NA,NA,NA,NA,NA,NA,NA,NA,NA,NA,NA,NA,NA,NA,NA,2021-01-08,NA,NA,FALSE,NA,栃木県
JP-09,TOCHIGI,2020-12-30,NA,NA,NA,NA,NA,NA,NA,NA,NA,NA,NA,NA,NA,NA,NA,NA,2021-01-08,NA,NA,FALSE,NA,栃木県
JP-09,TOCHIGI,2020-12-31,NA,NA,NA,NA,NA,NA,NA,NA,NA,NA,NA,NA,NA,NA,NA,NA,2021-01-08,NA,NA,FALSE,NA,栃木県
JP-09,TOCHIGI,2021-01-01,NA,NA,NA,NA,NA,NA,NA,NA,NA,NA,NA,NA,NA,NA,NA,NA,2021-01-08,NA,NA,FALSE,NA,栃木県
JP-09,TOCHIGI,2021-01-02,NA,NA,NA,NA,NA,NA,NA,NA,NA,NA,NA,NA,NA,NA,NA,NA,2021-01-08,NA,NA,FALSE,NA,栃木県
JP-09,TOCHIGI,2021-01-03,NA,NA,NA,NA,NA,NA,NA,NA,NA,NA,NA,NA,NA,NA,NA,NA,2021-01-08,NA,NA,FALSE,NA,栃木県
JP-09,TOCHIGI,2021-01-04,NA,NA,NA,NA,NA,NA,NA,NA,NA,NA,NA,NA,NA,NA,NA,NA,2021-01-08,NA,NA,FALSE,NA,栃木県
JP-09,TOCHIGI,2021-01-05,NA,NA,NA,NA,NA,NA,NA,NA,NA,NA,NA,NA,NA,NA,NA,NA,2021-01-08,NA,NA,TRUE,NA,栃木県
JP-09,TOCHIGI,2021-01-06,NA,NA,NA,NA,NA,NA,NA,NA,NA,NA,NA,NA,NA,NA,NA,NA,2021-01-08,NA,NA,FALSE,NA,栃木県
JP-09,TOCHIGI,2021-01-07,NA,NA,NA,NA,NA,NA,NA,NA,NA,NA,NA,NA,NA,NA,NA,NA,2021-01-08,NA,NA,FALSE,NA,栃木県
JP-09,TOCHIGI,2021-01-08,NA,NA,NA,NA,NA,NA,NA,NA,NA,NA,NA,NA,NA,NA,NA,NA,2021-01-08,NA,NA,NA,NA,栃木県
JP-10,GUNMA,2020-12-12,NA,NA,NA,NA,NA,NA,NA,NA,NA,NA,NA,NA,NA,NA,NA,NA,2021-01-08,NA,NA,NA,NA,群馬県
JP-10,GUNMA,2020-12-13,NA,NA,NA,NA,NA,NA,NA,NA,NA,NA,NA,NA,NA,NA,NA,NA,2021-01-08,NA,NA,FALSE,NA,群馬県
JP-10,GUNMA,2020-12-14,NA,NA,NA,NA,NA,NA,NA,NA,NA,NA,NA,NA,NA,NA,NA,NA,2021-01-08,NA,NA,FALSE,NA,群馬県
JP-10,GUNMA,2020-12-15,NA,NA,NA,NA,NA,NA,NA,NA,NA,NA,NA,NA,NA,NA,NA,NA,2021-01-08,NA,NA,TRUE,NA,群馬県
JP-10,GUNMA,2020-12-16,NA,NA,NA,NA,NA,NA,NA,NA,NA,NA,NA,NA,NA,NA,NA,NA,2021-01-08,NA,NA,TRUE,NA,群馬県
JP-10,GUNMA,2020-12-17,NA,NA,NA,NA,NA,NA,NA,NA,NA,NA,NA,NA,NA,NA,NA,NA,2021-01-08,NA,NA,FALSE,NA,群馬県
JP-10,GUNMA,2020-12-18,NA,NA,NA,NA,NA,NA,NA,NA,NA,NA,NA,NA,NA,NA,NA,NA,2021-01-08,NA,NA,TRUE,NA,群馬県
JP-10,GUNMA,2020-12-19,NA,NA,NA,NA,NA,NA,NA,NA,NA,NA,NA,NA,NA,NA,NA,NA,2021-01-08,NA,NA,TRUE,NA,群馬県
JP-10,GUNMA,2020-12-20,NA,NA,NA,NA,NA,NA,NA,NA,NA,NA,NA,NA,NA,NA,NA,NA,2021-01-08,NA,NA,FALSE,NA,群馬県
JP-10,GUNMA,2020-12-21,NA,NA,NA,NA,NA,NA,NA,NA,NA,NA,NA,NA,NA,NA,NA,NA,2021-01-08,NA,NA,NA,NA,群馬県
JP-10,GUNMA,2020-12-22,NA,NA,NA,NA,NA,NA,NA,NA,NA,NA,NA,NA,NA,NA,NA,NA,2021-01-08,NA,NA,TRUE,NA,群馬県
JP-10,GUNMA,2020-12-23,NA,NA,NA,NA,NA,NA,NA,NA,NA,NA,NA,NA,NA,NA,NA,NA,2021-01-08,NA,NA,FALSE,NA,群馬県
JP-10,GUNMA,2020-12-24,NA,NA,NA,NA,NA,NA,NA,NA,NA,NA,NA,NA,NA,NA,NA,NA,2021-01-08,NA,NA,NA,NA,群馬県
JP-10,GUNMA,2020-12-25,NA,NA,NA,NA,NA,NA,NA,NA,NA,NA,NA,NA,NA,NA,NA,NA,2021-01-08,NA,NA,FALSE,NA,群馬県
JP-10,GUNMA,2020-12-26,NA,NA,NA,NA,NA,NA,NA,NA,NA,NA,NA,NA,NA,NA,NA,NA,2021-01-08,NA,NA,FALSE,NA,群馬県
JP-10,GUNMA,2020-12-27,NA,NA,NA,NA,NA,NA,NA,NA,NA,NA,NA,NA,NA,NA,NA,NA,2021-01-08,NA,NA,FALSE,NA,群馬県
JP-10,GUNMA,2020-12-28,NA,NA,NA,NA,NA,NA,NA,NA,NA,NA,NA,NA,NA,NA,NA,NA,2021-01-08,NA,NA,NA,NA,群馬県
JP-10,GUNMA,2020-12-29,NA,NA,NA,NA,NA,NA,NA,NA,NA,NA,NA,NA,NA,NA,NA,NA,2021-01-08,NA,NA,FALSE,NA,群馬県
JP-10,GUNMA,2020-12-30,NA,NA,NA,NA,NA,NA,NA,NA,NA,NA,NA,NA,NA,NA,NA,NA,2021-01-08,NA,NA,NA,NA,群馬県
JP-10,GUNMA,2020-12-31,NA,NA,NA,NA,NA,NA,NA,NA,NA,NA,NA,NA,NA,NA,NA,NA,2021-01-08,NA,NA,TRUE,NA,群馬県
JP-10,GUNMA,2021-01-01,NA,NA,NA,NA,NA,NA,NA,NA,NA,NA,NA,NA,NA,NA,NA,NA,2021-01-08,NA,NA,TRUE,NA,群馬県
JP-10,GUNMA,2021-01-02,NA,NA,NA,NA,NA,NA,NA,NA,NA,NA,NA,NA,NA,NA,NA,NA,2021-01-08,NA,NA,FALSE,NA,群馬県
JP-10,GUNMA,2021-01-03,NA,NA,NA,NA,NA,NA,NA,NA,NA,NA,NA,NA,NA,NA,NA,NA,2021-01-08,NA,NA,TRUE,NA,群馬県
JP-10,GUNMA,2021-01-04,NA,NA,NA,NA,NA,NA,NA,NA,NA,NA,NA,NA,NA,NA,NA,NA,2021-01-08,NA,NA,FALSE,NA,群馬県
JP-10,GUNMA,2021-01-05,NA,NA,NA,NA,NA,NA,NA,NA,NA,NA,NA,NA,NA,NA,NA,NA,2021-01-08,NA,NA,TRUE,NA,群馬県
JP-10,GUNMA,2021-01-06,NA,NA,NA,NA,NA,NA,NA,NA,NA,NA,NA,NA,NA,NA,NA,NA,2021-01-08,NA,NA,TRUE,NA,群馬県
JP-10,GUNMA,2021-01-07,NA,NA,NA,NA,NA,NA,NA,NA,NA,NA,NA,NA,NA,NA,NA,NA,2021-01-08,NA,NA,TRUE,NA,群馬県
JP-10,GUNMA,2021-01-08,NA,NA,NA,NA,NA,NA,NA,NA,NA,NA,NA,NA,NA,NA,NA,NA,2021-01-08,NA,NA,FALSE,NA,群馬県
JP-11,SAITAMA,2020-12-12,NA,NA,NA,NA,NA,NA,NA,NA,NA,NA,NA,NA,NA,NA,NA,NA,2021-01-08,NA,NA,NA,NA,埼玉県
JP-11,SAITAMA,2020-12-13,NA,NA,NA,NA,NA,NA,NA,NA,NA,NA,NA,NA,NA,NA,NA,NA,2021-01-08,NA,NA,FALSE,NA,埼玉県
JP-11,SAITAMA,2020-12-14,NA,NA,NA,NA,NA,NA,NA,NA,NA,NA,NA,NA,NA,NA,NA,NA,2021-01-08,NA,NA,NA,NA,埼玉県
JP-11,SAITAMA,2020-12-15,NA,NA,NA,NA,NA,NA,NA,NA,NA,NA,NA,NA,NA,NA,NA,NA,2021-01-08,NA,NA,FALSE,NA,埼玉県
JP-11,SAITAMA,2020-12-16,NA,NA,NA,NA,NA,NA,NA,NA,NA,NA,NA,NA,NA,NA,NA,NA,2021-01-08,NA,NA,TRUE,NA,埼玉県
JP-11,SAITAMA,2020-12-17,NA,NA,NA,NA,NA,NA,NA,NA,NA,NA,NA,NA,NA,NA,NA,NA,2021-01-08,NA,NA,NA,NA,埼玉県
JP-11,SAITAMA,2020-12-18,NA,NA,NA,NA,NA,NA,NA,NA,NA,NA,NA,NA,NA,NA,NA,NA,2021-01-08,NA,NA,TRUE,NA,埼玉県
JP-11,SAITAMA,2020-12-19,NA,NA,NA,NA,NA,NA,NA,NA,NA,NA,NA,NA,NA,NA,NA,NA,2021-01-08,NA,NA,FALSE,NA,埼玉県
JP-11,SAITAMA,2020-12-20,NA,NA,NA,NA,NA,NA,NA,NA,NA,NA,NA,NA,NA,NA,NA,NA,2021-01-08,NA,NA,FALSE,NA,埼玉県
JP-11,SAITAMA,2020-12-21,NA,NA,NA,NA,NA,NA,NA,NA,NA,NA,NA,NA,NA,NA,NA,NA,2021-01-08,NA,NA,NA,NA,埼玉県
JP-11,SAITAMA,2020-12-22,NA,NA,NA,NA,NA,NA,NA,NA,NA,NA,NA,NA,NA,NA,NA,NA,2021-01-08,NA,NA,NA,NA,埼玉県
JP-11,SAITAMA,2020-12-23,NA,NA,NA,NA,NA,NA,NA,NA,NA,NA,NA,NA,NA,NA,NA,NA,2021-01-08,NA,NA,NA,NA,埼玉県
JP-11,SAITAMA,2020-12-24,NA,NA,NA,NA,NA,NA,NA,NA,NA,NA,NA,NA,NA,NA,NA,NA,2021-01-08,NA,NA,NA,NA,埼玉県
JP-11,SAITAMA,2020-12-25,NA,NA,NA,NA,NA,NA,NA,NA,NA,NA,NA,NA,NA,NA,NA,NA,2021-01-08,NA,NA,TRUE,NA,埼玉県
JP-11,SAITAMA,2020-12-26,NA,NA,NA,NA,NA,NA,NA,NA,NA,NA,NA,NA,NA,NA,NA,NA,2021-01-08,NA,NA,TRUE,NA,埼玉県
JP-11,SAITAMA,2020-12-27,NA,NA,NA,NA,NA,NA,NA,NA,NA,NA,NA,NA,NA,NA,NA,NA,2021-01-08,NA,NA,NA,NA,埼玉県
JP-11,SAITAMA,2020-12-28,NA,NA,NA,NA,NA,NA,NA,NA,NA,NA,NA,NA,NA,NA,NA,NA,2021-01-08,NA,NA,NA,NA,埼玉県
JP-11,SAITAMA,2020-12-29,NA,NA,NA,NA,NA,NA,NA,NA,NA,NA,NA,NA,NA,NA,NA,NA,2021-01-08,NA,NA,NA,NA,埼玉県
JP-11,SAITAMA,2020-12-30,NA,NA,NA,NA,NA,NA,NA,NA,NA,NA,NA,NA,NA,NA,NA,NA,2021-01-08,NA,NA,NA,NA,埼玉県
JP-11,SAITAMA,2020-12-31,NA,NA,NA,NA,NA,NA,NA,NA,NA,NA,NA,NA,NA,NA,NA,NA,2021-01-08,NA,NA,FALSE,NA,埼玉県
JP-11,SAITAMA,2021-01-01,NA,NA,NA,NA,NA,NA,NA,NA,NA,NA,NA,NA,NA,NA,NA,NA,2021-01-08,NA,NA,NA,NA,埼玉県
JP-11,SAITAMA,2021-01-02,NA,NA,NA,NA,NA,NA,NA,NA,NA,NA,NA,NA,NA,NA,NA,NA,2021-01-08,NA,NA,TRUE,NA,埼玉県
JP-11,SAITAMA,2021-01-03,NA,NA,NA,NA,NA,NA,NA,NA,NA,NA,NA,NA,NA,NA,NA,NA,2021-01-08,NA,NA,NA,NA,埼玉県
JP-11,SAITAMA,2021-01-04,NA,NA,NA,NA,NA,NA,NA,NA,NA,NA,NA,NA,NA,NA,NA,NA,2021-01-08,NA,NA,NA,NA,埼玉県
JP-11,SAITAMA,2021-01-05,NA,NA,NA,NA,NA,NA,NA,NA,NA,NA,NA,NA,NA,NA,NA,NA,2021-01-08,NA,NA,NA,NA,埼玉県
JP-11,SAITAMA,2021-01-06,NA,NA,NA,NA,NA,NA,NA,NA,NA,NA,NA,NA,NA,NA,NA,NA,2021-01-08,NA,NA,NA,NA,埼玉県
JP-11,SAITAMA,2021-01-07,NA,NA,NA,NA,NA,NA,NA,NA,NA,NA,NA,NA,NA,NA,NA,NA,2021-01-08,NA,NA,NA,NA,埼玉県
JP-11,SAITAMA,2021-01-08,NA,NA,NA,NA,NA,NA,NA,NA,NA,NA,NA,NA,NA,NA,NA,NA,2021-01-08,NA,NA,NA,NA,埼玉県
JP-12,CHIBA,2020-12-12,NA,NA,NA,NA,NA,NA,NA,NA,NA,NA,NA,NA,NA,NA,NA,NA,2021-01-08,NA,NA,NA,NA,千葉県
JP-12,CHIBA,2020-12-13,NA,NA,NA,NA,NA,NA,NA,NA,NA,NA,NA,NA,NA,NA,NA,NA,2021-01-08,NA,NA,FALSE,NA,千葉県
JP-12,CHIBA,2020-12-14,NA,NA,NA,NA,NA,NA,NA,NA,NA,NA,NA,NA,NA,NA,NA,NA,2021-01-08,NA,NA,TRUE,NA,千葉県
JP-12,CHIBA,2020-12-15,NA,NA,NA,NA,NA,NA,NA,NA,NA,NA,NA,NA,NA,NA,NA,NA,2021-01-08,NA,NA,NA,NA,千葉県
JP-12,CHIBA,2020-12-16,NA,NA,NA,NA,NA,NA,NA,NA,NA,NA,NA,NA,NA,NA,NA,NA,2021-01-08,NA,NA,TRUE,NA,千葉県
JP-12,CHIBA,2020-12-17,NA,NA,NA,NA,NA,NA,NA,NA,NA,NA,NA,NA,NA,NA,NA,NA,2021-01-08,NA,NA,NA,NA,千葉県
JP-12,CHIBA,2020-12-18,NA,NA,NA,NA,NA,NA,NA,NA,NA,NA,NA,NA,NA,NA,NA,NA,2021-01-08,NA,NA,FALSE,NA,千葉県
JP-12,CHIBA,2020-12-19,NA,NA,NA,NA,NA,NA,NA,NA,NA,NA,NA,NA,NA,NA,NA,NA,2021-01-08,NA,NA,NA,NA,千葉県
JP-12,CHIBA,2020-12-20,NA,NA,NA,NA,NA,NA,NA,NA,NA,NA,NA,NA,NA,NA,NA,NA,2021-01-08,NA,NA,FALSE,NA,千葉県
JP-12,CHIBA,2020-12-21,NA,NA,NA,NA,NA,NA,NA,NA,NA,NA,NA,NA,NA,NA,NA,NA,2021-01-08,NA,NA,FALSE,NA,千葉県
JP-12,CHIBA,2020-12-22,NA,NA,NA,NA,NA,NA,NA,NA,NA,NA,NA,NA,NA,NA,NA,NA,2021-01-08,NA,NA,NA,NA,千葉県
JP-12,CHIBA,2020-12-23,NA,NA,NA,NA,NA,NA,NA,NA,NA,NA,NA,NA,NA,NA,NA,NA,2021-01-08,NA,NA,TRUE,NA,千葉県
JP-12,CHIBA,2020-12-24,NA,NA,NA,NA,NA,NA,NA,NA,NA,NA,NA,NA,NA,NA,NA,NA,2021-01-08,NA,NA,NA,NA,千葉県
JP-12,CHIBA,2020-12-25,NA,NA,NA,NA,NA,NA,NA,NA,NA,NA,NA,NA,NA,NA,NA,NA,2021-01-08,NA,NA,TRUE,NA,千葉県
JP-12,CHIBA,2020-12-26,NA,NA,NA,NA,NA,NA,NA,NA,NA,NA,NA,NA,NA,NA,NA,NA,2021-01-08,NA,NA,NA,NA,千葉県
JP-12,CHIBA,2020-12-27,NA,NA,NA,NA,NA,NA,NA,NA,NA,NA,NA,NA,NA,NA,NA,NA,2021-01-08,NA,NA,FALSE,NA,千葉県
JP-12,CHIBA,2020-12-28,NA,NA,NA,NA,NA,NA,NA,NA,NA,NA,NA,NA,NA,NA,NA,NA,2021-01-08,NA,NA,FALSE,NA,千葉県
JP-12,CHIBA,2020-12-29,NA,NA,NA,NA,NA,NA,NA,NA,NA,NA,NA,NA,NA,NA,NA,NA,2021-01-08,NA,NA,TRUE,NA,千葉県
JP-12,CHIBA,2020-12-30,NA,NA,NA,NA,NA,NA,NA,NA,NA,NA,NA,NA,NA,NA,NA,NA,2021-01-08,NA,NA,NA,NA,千葉県
JP-12,CHIBA,2020-12-31,NA,NA,NA,NA,NA,NA,NA,NA,NA,NA,NA,NA,NA,NA,NA,NA,2021-01-08,NA,NA,FALSE,FALSE,千葉県
JP-12,CHIBA,2021-01-01,NA,NA,NA,NA,NA,NA,NA,NA,NA,NA,NA,NA,NA,NA,NA,NA,2021-01-08,NA,NA,NA,NA,千葉県
JP-12,CHIBA,2021-01-02,NA,NA,NA,NA,NA,NA,NA,NA,NA,NA,NA,NA,NA,NA,NA,NA,2021-01-08,NA,NA,FALSE,NA,千葉県
JP-12,CHIBA,2021-01-03,NA,NA,NA,NA,NA,NA,NA,NA,NA,NA,NA,NA,NA,NA,NA,NA,2021-01-08,NA,NA,NA,NA,千葉県
JP-12,CHIBA,2021-01-04,NA,NA,NA,NA,NA,NA,NA,NA,NA,NA,NA,NA,NA,NA,NA,NA,2021-01-08,NA,NA,FALSE,NA,千葉県
JP-12,CHIBA,2021-01-05,NA,NA,NA,NA,NA,NA,NA,NA,NA,NA,NA,NA,NA,NA,NA,NA,2021-01-08,NA,NA,FALSE,FALSE,千葉県
JP-12,CHIBA,2021-01-06,NA,NA,NA,NA,NA,NA,NA,NA,NA,NA,NA,NA,NA,NA,NA,NA,2021-01-08,NA,NA,NA,NA,千葉県
JP-12,CHIBA,2021-01-07,NA,NA,NA,NA,NA,NA,NA,NA,NA,NA,NA,NA,NA,NA,NA,NA,2021-01-08,NA,NA,NA,NA,千葉県
JP-12,CHIBA,2021-01-08,NA,NA,NA,NA,NA,NA,NA,NA,NA,NA,NA,NA,NA,NA,NA,NA,2021-01-08,NA,NA,FALSE,NA,千葉県
JP-13,TOKYO,2020-12-12,NA,NA,NA,NA,NA,NA,NA,NA,NA,NA,NA,NA,NA,NA,NA,NA,2021-01-08,NA,NA,NA,NA,東京都
JP-13,TOKYO,2020-12-13,NA,NA,NA,NA,NA,NA,NA,NA,NA,NA,NA,NA,NA,NA,NA,NA,2021-01-08,NA,NA,FALSE,NA,東京都
JP-13,TOKYO,2020-12-14,NA,NA,NA,NA,NA,NA,NA,NA,NA,NA,NA,NA,NA,NA,NA,NA,2021-01-08,NA,NA,NA,NA,東京都
JP-13,TOKYO,2020-12-15,NA,NA,NA,NA,NA,NA,NA,NA,NA,NA,NA,NA,NA,NA,NA,NA,2021-01-08,NA,NA,NA,NA,東京都
JP-13,TOKYO,2020-12-16,NA,NA,NA,NA,NA,NA,NA,NA,NA,NA,NA,NA,NA,NA,NA,NA,2021-01-08,NA,NA,NA,NA,東京都
JP-13,TOKYO,2020-12-17,NA,NA,NA,NA,NA,NA,NA,NA,NA,NA,NA,NA,NA,NA,NA,NA,2021-01-08,NA,NA,FALSE,NA,東京都
JP-13,TOKYO,2020-12-18,NA,NA,NA,NA,NA,NA,NA,NA,NA,NA,NA,NA,NA,NA,NA,NA,2021-01-08,NA,NA,NA,NA,東京都
JP-13,TOKYO,2020-12-19,NA,NA,NA,NA,NA,NA,NA,NA,NA,NA,NA,NA,NA,NA,NA,NA,2021-01-08,NA,NA,NA,NA,東京都
JP-13,TOKYO,2020-12-20,NA,NA,NA,NA,NA,NA,NA,NA,NA,NA,NA,NA,NA,NA,NA,NA,2021-01-08,NA,NA,FALSE,NA,東京都
JP-13,TOKYO,2020-12-21,NA,NA,NA,NA,NA,NA,NA,NA,NA,NA,NA,NA,NA,NA,NA,NA,2021-01-08,NA,NA,TRUE,NA,東京都
JP-13,TOKYO,2020-12-22,NA,NA,NA,NA,NA,NA,NA,NA,NA,NA,NA,NA,NA,NA,NA,NA,2021-01-08,NA,NA,TRUE,NA,東京都
JP-13,TOKYO,2020-12-23,NA,NA,NA,NA,NA,NA,NA,NA,NA,NA,NA,NA,NA,NA,NA,NA,2021-01-08,NA,NA,NA,NA,東京都
JP-13,TOKYO,2020-12-24,NA,NA,NA,NA,NA,NA,NA,NA,NA,NA,NA,NA,NA,NA,NA,NA,2021-01-08,NA,NA,NA,NA,東京都
JP-13,TOKYO,2020-12-25,NA,NA,NA,NA,NA,NA,NA,NA,NA,NA,NA,NA,NA,NA,NA,NA,2021-01-08,NA,NA,NA,NA,東京都
JP-13,TOKYO,2020-12-26,NA,NA,NA,NA,NA,NA,NA,NA,NA,NA,NA,NA,NA,NA,NA,NA,2021-01-08,NA,NA,NA,NA,東京都
JP-13,TOKYO,2020-12-27,NA,NA,NA,NA,NA,NA,NA,NA,NA,NA,NA,NA,NA,NA,NA,NA,2021-01-08,NA,NA,FALSE,NA,東京都
JP-13,TOKYO,2020-12-28,NA,NA,NA,NA,NA,NA,NA,NA,NA,NA,NA,NA,NA,NA,NA,NA,2021-01-08,NA,NA,NA,NA,東京都
JP-13,TOKYO,2020-12-29,NA,NA,NA,NA,NA,NA,NA,NA,NA,NA,NA,NA,NA,NA,NA,NA,2021-01-08,NA,NA,NA,NA,東京都
JP-13,TOKYO,2020-12-30,NA,NA,NA,NA,NA,NA,NA,NA,NA,NA,NA,NA,NA,NA,NA,NA,2021-01-08,NA,NA,NA,NA,東京都
JP-13,TOKYO,2020-12-31,NA,NA,NA,NA,NA,NA,NA,NA,NA,NA,NA,NA,NA,NA,NA,NA,2021-01-08,NA,NA,NA,NA,東京都
JP-13,TOKYO,2021-01-01,NA,NA,NA,NA,NA,NA,NA,NA,NA,NA,NA,NA,NA,NA,NA,NA,2021-01-08,NA,NA,NA,NA,東京都
JP-13,TOKYO,2021-01-02,NA,NA,NA,NA,NA,NA,NA,NA,NA,NA,NA,NA,NA,NA,NA,NA,2021-01-08,NA,NA,FALSE,NA,東京都
JP-13,TOKYO,2021-01-03,NA,NA,NA,NA,NA,NA,NA,NA,NA,NA,NA,NA,NA,NA,NA,NA,2021-01-08,NA,NA,TRUE,NA,東京都
JP-13,TOKYO,2021-01-04,NA,NA,NA,NA,NA,NA,NA,NA,NA,NA,NA,NA,NA,NA,NA,NA,2021-01-08,NA,NA,NA,NA,東京都
JP-13,TOKYO,2021-01-05,NA,NA,NA,NA,NA,NA,NA,NA,NA,NA,NA,NA,NA,NA,NA,NA,2021-01-08,NA,NA,NA,NA,東京都
JP-13,TOKYO,2021-01-06,NA,NA,NA,NA,NA,NA,NA,NA,NA,NA,NA,NA,NA,NA,NA,NA,2021-01-08,NA,NA,NA,NA,東京都
JP-13,TOKYO,2021-01-07,NA,NA,NA,NA,NA,NA,NA,NA,NA,NA,NA,NA,NA,NA,NA,NA,2021-01-08,NA,NA,NA,NA,東京都
JP-13,TOKYO,2021-01-08,NA,NA,NA,NA,NA,NA,NA,NA,NA,NA,NA,NA,NA,NA,NA,NA,2021-01-08,NA,NA,NA,NA,東京都
JP-14,KANAGAWA,2020-12-12,NA,NA,NA,NA,NA,NA,NA,NA,NA,NA,NA,NA,NA,NA,NA,NA,2021-01-08,NA,NA,NA,NA,神奈川県
JP-14,KANAGAWA,2020-12-13,NA,NA,NA,NA,NA,NA,NA,NA,NA,NA,NA,NA,NA,NA,NA,NA,2021-01-08,NA,NA,NA,NA,神奈川県
JP-14,KANAGAWA,2020-12-14,NA,NA,NA,NA,NA,NA,NA,NA,NA,NA,NA,NA,NA,NA,NA,NA,2021-01-08,NA,NA,FALSE,NA,神奈川県
JP-14,KANAGAWA,2020-12-15,NA,NA,NA,NA,NA,NA,NA,NA,NA,NA,NA,NA,NA,NA,NA,NA,2021-01-08,NA,NA,TRUE,NA,神奈川県
JP-14,KANAGAWA,2020-12-16,NA,NA,NA,NA,NA,NA,NA,NA,NA,NA,NA,NA,NA,NA,NA,NA,2021-01-08,NA,NA,TRUE,NA,神奈川県
JP-14,KANAGAWA,2020-12-17,NA,NA,NA,NA,NA,NA,NA,NA,NA,NA,NA,NA,NA,NA,NA,NA,2021-01-08,NA,NA,NA,NA,神奈川県
JP-14,KANAGAWA,2020-12-18,NA,NA,NA,NA,NA,NA,NA,NA,NA,NA,NA,NA,NA,NA,NA,NA,2021-01-08,NA,NA,TRUE,NA,神奈川県
JP-14,KANAGAWA,2020-12-19,NA,NA,NA,NA,NA,NA,NA,NA,NA,NA,NA,NA,NA,NA,NA,NA,2021-01-08,NA,NA,NA,NA,神奈川県
JP-14,KANAGAWA,2020-12-20,NA,NA,NA,NA,NA,NA,NA,NA,NA,NA,NA,NA,NA,NA,NA,NA,2021-01-08,NA,NA,NA,NA,神奈川県
JP-14,KANAGAWA,2020-12-21,NA,NA,NA,NA,NA,NA,NA,NA,NA,NA,NA,NA,NA,NA,NA,NA,2021-01-08,NA,NA,TRUE,NA,神奈川県
JP-14,KANAGAWA,2020-12-22,NA,NA,NA,NA,NA,NA,NA,NA,NA,NA,NA,NA,NA,NA,NA,NA,2021-01-08,NA,NA,NA,NA,神奈川県
JP-14,KANAGAWA,2020-12-23,NA,NA,NA,NA,NA,NA,NA,NA,NA,NA,NA,NA,NA,NA,NA,NA,2021-01-08,NA,NA,NA,NA,神奈川県
JP-14,KANAGAWA,2020-12-24,NA,NA,NA,NA,NA,NA,NA,NA,NA,NA,NA,NA,NA,NA,NA,NA,2021-01-08,NA,NA,NA,NA,神奈川県
JP-14,KANAGAWA,2020-12-25,NA,NA,NA,NA,NA,NA,NA,NA,NA,NA,NA,NA,NA,NA,NA,NA,2021-01-08,NA,NA,NA,NA,神奈川県
JP-14,KANAGAWA,2020-12-26,NA,NA,NA,NA,NA,NA,NA,NA,NA,NA,NA,NA,NA,NA,NA,NA,2021-01-08,NA,NA,NA,NA,神奈川県
JP-14,KANAGAWA,2020-12-27,NA,NA,NA,NA,NA,NA,NA,NA,NA,NA,NA,NA,NA,NA,NA,NA,2021-01-08,NA,NA,TRUE,NA,神奈川県
JP-14,KANAGAWA,2020-12-28,NA,NA,NA,NA,NA,NA,NA,NA,NA,NA,NA,NA,NA,NA,NA,NA,2021-01-08,NA,NA,TRUE,NA,神奈川県
JP-14,KANAGAWA,2020-12-29,NA,NA,NA,NA,NA,NA,NA,NA,NA,NA,NA,NA,NA,NA,NA,NA,2021-01-08,NA,NA,FALSE,NA,神奈川県
JP-14,KANAGAWA,2020-12-30,NA,NA,NA,NA,NA,NA,NA,NA,NA,NA,NA,NA,NA,NA,NA,NA,2021-01-08,NA,NA,NA,NA,神奈川県
JP-14,KANAGAWA,2020-12-31,NA,NA,NA,NA,NA,NA,NA,NA,NA,NA,NA,NA,NA,NA,NA,NA,2021-01-08,NA,NA,NA,NA,神奈川県
JP-14,KANAGAWA,2021-01-01,NA,NA,NA,NA,NA,NA,NA,NA,NA,NA,NA,NA,NA,NA,NA,NA,2021-01-08,NA,NA,NA,NA,神奈川県
JP-14,KANAGAWA,2021-01-02,NA,NA,NA,NA,NA,NA,NA,NA,NA,NA,NA,NA,NA,NA,NA,NA,2021-01-08,NA,NA,NA,NA,神奈川県
JP-14,KANAGAWA,2021-01-03,NA,NA,NA,NA,NA,NA,NA,NA,NA,NA,NA,NA,NA,NA,NA,NA,2021-01-08,NA,NA,NA,NA,神奈川県
JP-14,KANAGAWA,2021-01-04,NA,NA,NA,NA,NA,NA,NA,NA,NA,NA,NA,NA,NA,NA,NA,NA,2021-01-08,NA,NA,NA,NA,神奈川県
JP-14,KANAGAWA,2021-01-05,NA,NA,NA,NA,NA,NA,NA,NA,NA,NA,NA,NA,NA,NA,NA,NA,2021-01-08,NA,NA,NA,NA,神奈川県
JP-14,KANAGAWA,2021-01-06,NA,NA,NA,NA,NA,NA,NA,NA,NA,NA,NA,NA,NA,NA,NA,NA,2021-01-08,NA,NA,NA,NA,神奈川県
JP-14,KANAGAWA,2021-01-07,NA,NA,NA,NA,NA,NA,NA,NA,NA,NA,NA,NA,NA,NA,NA,NA,2021-01-08,NA,NA,NA,NA,神奈川県
JP-14,KANAGAWA,2021-01-08,NA,NA,NA,NA,NA,NA,NA,NA,NA,NA,NA,NA,NA,NA,NA,NA,2021-01-08,NA,NA,NA,NA,神奈川県
JP-15,NIIGATA,2020-12-12,NA,NA,NA,NA,NA,NA,NA,NA,NA,NA,NA,NA,NA,FALSE,NA,NA,2021-01-08,NA,NA,NA,NA,新潟県
JP-15,NIIGATA,2020-12-13,NA,NA,NA,NA,NA,NA,NA,NA,NA,NA,NA,NA,NA,FALSE,NA,NA,2021-01-08,NA,NA,FALSE,NA,新潟県
JP-15,NIIGATA,2020-12-14,NA,NA,NA,NA,NA,NA,NA,NA,NA,NA,NA,NA,NA,FALSE,NA,NA,2021-01-08,NA,NA,FALSE,NA,新潟県
JP-15,NIIGATA,2020-12-15,NA,NA,NA,NA,NA,NA,NA,NA,NA,NA,NA,NA,NA,NA,NA,NA,2021-01-08,NA,NA,NA,NA,新潟県
JP-15,NIIGATA,2020-12-16,NA,NA,NA,NA,NA,NA,NA,NA,NA,NA,NA,NA,NA,NA,NA,NA,2021-01-08,NA,NA,FALSE,NA,新潟県
JP-15,NIIGATA,2020-12-17,NA,NA,NA,NA,NA,NA,NA,NA,NA,NA,NA,NA,NA,NA,NA,NA,2021-01-08,NA,NA,FALSE,NA,新潟県
JP-15,NIIGATA,2020-12-18,NA,NA,NA,NA,NA,NA,NA,NA,NA,NA,NA,NA,NA,NA,NA,NA,2021-01-08,NA,NA,FALSE,NA,新潟県
JP-15,NIIGATA,2020-12-19,NA,NA,NA,NA,NA,NA,NA,NA,NA,NA,NA,NA,NA,NA,NA,NA,2021-01-08,NA,NA,FALSE,NA,新潟県
JP-15,NIIGATA,2020-12-20,NA,NA,NA,NA,NA,NA,NA,NA,NA,NA,NA,NA,NA,NA,NA,NA,2021-01-08,NA,NA,FALSE,NA,新潟県
JP-15,NIIGATA,2020-12-21,NA,NA,NA,NA,NA,NA,NA,NA,NA,NA,NA,NA,NA,NA,NA,NA,2021-01-08,NA,NA,FALSE,NA,新潟県
JP-15,NIIGATA,2020-12-22,NA,NA,NA,NA,NA,NA,NA,NA,NA,NA,NA,NA,NA,NA,NA,NA,2021-01-08,NA,NA,FALSE,NA,新潟県
JP-15,NIIGATA,2020-12-23,NA,NA,NA,NA,NA,NA,NA,NA,NA,NA,NA,NA,NA,NA,NA,NA,2021-01-08,NA,NA,FALSE,NA,新潟県
JP-15,NIIGATA,2020-12-24,NA,NA,NA,NA,NA,NA,NA,NA,NA,NA,NA,NA,NA,NA,NA,NA,2021-01-08,NA,NA,FALSE,NA,新潟県
JP-15,NIIGATA,2020-12-25,NA,NA,NA,NA,NA,NA,NA,NA,NA,NA,NA,NA,NA,NA,NA,NA,2021-01-08,NA,NA,FALSE,NA,新潟県
JP-15,NIIGATA,2020-12-26,NA,NA,NA,NA,NA,NA,NA,NA,NA,NA,NA,NA,NA,NA,NA,NA,2021-01-08,NA,NA,FALSE,NA,新潟県
JP-15,NIIGATA,2020-12-27,NA,NA,NA,NA,NA,NA,NA,NA,NA,NA,NA,NA,NA,NA,NA,NA,2021-01-08,NA,NA,FALSE,NA,新潟県
JP-15,NIIGATA,2020-12-28,NA,NA,NA,NA,NA,NA,NA,NA,NA,NA,NA,NA,NA,NA,NA,NA,2021-01-08,NA,NA,FALSE,FALSE,新潟県
JP-15,NIIGATA,2020-12-29,NA,NA,NA,NA,NA,NA,NA,NA,NA,NA,NA,NA,NA,NA,NA,NA,2021-01-08,NA,NA,FALSE,NA,新潟県
JP-15,NIIGATA,2020-12-30,NA,NA,NA,NA,NA,NA,NA,NA,NA,NA,NA,NA,NA,NA,NA,NA,2021-01-08,NA,NA,FALSE,NA,新潟県
JP-15,NIIGATA,2020-12-31,NA,NA,NA,NA,NA,NA,NA,NA,NA,NA,NA,NA,NA,NA,NA,NA,2021-01-08,NA,NA,FALSE,NA,新潟県
JP-15,NIIGATA,2021-01-01,NA,NA,NA,NA,NA,NA,NA,NA,NA,NA,NA,NA,NA,NA,NA,NA,2021-01-08,NA,NA,FALSE,NA,新潟県
JP-15,NIIGATA,2021-01-02,NA,NA,NA,NA,NA,NA,NA,NA,NA,NA,NA,NA,NA,NA,NA,NA,2021-01-08,NA,NA,FALSE,NA,新潟県
JP-15,NIIGATA,2021-01-03,NA,NA,NA,NA,NA,NA,NA,NA,NA,NA,NA,NA,NA,NA,NA,NA,2021-01-08,NA,NA,FALSE,NA,新潟県
JP-15,NIIGATA,2021-01-04,NA,NA,NA,NA,NA,NA,NA,NA,NA,NA,NA,NA,NA,NA,NA,NA,2021-01-08,NA,NA,FALSE,NA,新潟県
JP-15,NIIGATA,2021-01-05,NA,NA,NA,NA,NA,NA,NA,NA,NA,NA,NA,NA,NA,NA,NA,NA,2021-01-08,NA,NA,FALSE,NA,新潟県
JP-15,NIIGATA,2021-01-06,NA,NA,NA,NA,NA,NA,NA,NA,NA,NA,NA,NA,NA,NA,NA,NA,2021-01-08,NA,NA,FALSE,NA,新潟県
JP-15,NIIGATA,2021-01-07,NA,NA,NA,NA,NA,NA,NA,NA,NA,NA,NA,NA,NA,NA,NA,NA,2021-01-08,NA,NA,FALSE,NA,新潟県
JP-15,NIIGATA,2021-01-08,NA,NA,NA,NA,NA,NA,NA,NA,NA,NA,NA,NA,NA,NA,NA,NA,2021-01-08,NA,NA,FALSE,NA,新潟県
JP-16,TOYAMA,2020-12-12,NA,NA,NA,NA,NA,NA,NA,NA,NA,NA,NA,NA,NA,NA,NA,NA,2021-01-08,NA,NA,NA,NA,富山県
JP-16,TOYAMA,2020-12-13,NA,NA,NA,NA,NA,NA,NA,NA,NA,NA,NA,NA,NA,NA,NA,NA,2021-01-08,NA,NA,FALSE,NA,富山県
JP-16,TOYAMA,2020-12-14,NA,NA,NA,NA,NA,NA,NA,NA,NA,NA,NA,NA,NA,NA,NA,NA,2021-01-08,NA,NA,FALSE,FALSE,富山県
JP-16,TOYAMA,2020-12-15,NA,NA,NA,NA,NA,NA,NA,NA,NA,NA,NA,NA,NA,NA,NA,NA,2021-01-08,NA,NA,FALSE,TRUE,富山県
JP-16,TOYAMA,2020-12-16,NA,NA,NA,NA,NA,NA,NA,NA,NA,NA,NA,NA,NA,NA,NA,NA,2021-01-08,NA,NA,FALSE,NA,富山県
JP-16,TOYAMA,2020-12-17,NA,NA,NA,NA,NA,NA,NA,NA,NA,NA,NA,NA,NA,NA,NA,NA,2021-01-08,NA,NA,FALSE,NA,富山県
JP-16,TOYAMA,2020-12-18,NA,NA,NA,NA,NA,NA,NA,NA,NA,NA,NA,NA,NA,NA,NA,NA,2021-01-08,NA,NA,FALSE,NA,富山県
JP-16,TOYAMA,2020-12-19,NA,NA,NA,NA,NA,NA,NA,NA,NA,NA,NA,NA,NA,NA,NA,NA,2021-01-08,NA,NA,FALSE,NA,富山県
JP-16,TOYAMA,2020-12-20,NA,NA,NA,NA,NA,NA,NA,NA,NA,NA,NA,NA,NA,NA,NA,NA,2021-01-08,NA,NA,FALSE,NA,富山県
JP-16,TOYAMA,2020-12-21,NA,NA,NA,NA,NA,NA,NA,NA,NA,NA,NA,NA,NA,NA,NA,NA,2021-01-08,NA,NA,FALSE,NA,富山県
JP-16,TOYAMA,2020-12-22,NA,NA,NA,NA,NA,NA,NA,NA,NA,NA,NA,NA,NA,NA,NA,NA,2021-01-08,NA,NA,FALSE,NA,富山県
JP-16,TOYAMA,2020-12-23,NA,NA,NA,NA,NA,NA,NA,NA,NA,NA,NA,NA,NA,NA,NA,NA,2021-01-08,NA,NA,FALSE,NA,富山県
JP-16,TOYAMA,2020-12-24,NA,NA,NA,NA,NA,NA,NA,NA,NA,NA,NA,NA,NA,NA,NA,NA,2021-01-08,NA,NA,FALSE,NA,富山県
JP-16,TOYAMA,2020-12-25,NA,NA,NA,NA,NA,NA,NA,NA,NA,NA,NA,NA,NA,NA,NA,NA,2021-01-08,NA,NA,FALSE,NA,富山県
JP-16,TOYAMA,2020-12-26,NA,NA,NA,NA,NA,NA,NA,NA,NA,NA,NA,NA,NA,NA,NA,NA,2021-01-08,NA,NA,FALSE,NA,富山県
JP-16,TOYAMA,2020-12-27,NA,NA,NA,NA,NA,NA,NA,NA,NA,NA,NA,NA,NA,NA,NA,NA,2021-01-08,NA,NA,FALSE,NA,富山県
JP-16,TOYAMA,2020-12-28,NA,NA,NA,NA,NA,NA,NA,NA,NA,NA,NA,NA,NA,NA,NA,NA,2021-01-08,NA,NA,FALSE,TRUE,富山県
JP-16,TOYAMA,2020-12-29,NA,NA,NA,NA,NA,NA,NA,NA,NA,NA,NA,NA,NA,NA,NA,NA,2021-01-08,NA,NA,FALSE,NA,富山県
JP-16,TOYAMA,2020-12-30,NA,NA,NA,NA,NA,NA,NA,NA,NA,NA,NA,NA,NA,NA,NA,NA,2021-01-08,NA,NA,FALSE,NA,富山県
JP-16,TOYAMA,2020-12-31,NA,NA,NA,NA,NA,NA,NA,NA,NA,NA,NA,NA,NA,NA,NA,NA,2021-01-08,NA,NA,FALSE,NA,富山県
JP-16,TOYAMA,2021-01-01,NA,NA,NA,NA,NA,NA,NA,NA,NA,NA,NA,NA,NA,NA,NA,NA,2021-01-08,NA,NA,FALSE,NA,富山県
JP-16,TOYAMA,2021-01-02,NA,NA,NA,NA,NA,NA,NA,NA,NA,NA,NA,NA,NA,NA,NA,NA,2021-01-08,NA,NA,FALSE,NA,富山県
JP-16,TOYAMA,2021-01-03,NA,NA,NA,NA,NA,NA,NA,NA,NA,NA,NA,NA,NA,NA,NA,NA,2021-01-08,NA,NA,FALSE,NA,富山県
JP-16,TOYAMA,2021-01-04,NA,NA,NA,NA,NA,NA,NA,NA,NA,NA,NA,NA,NA,NA,NA,NA,2021-01-08,NA,NA,FALSE,NA,富山県
JP-16,TOYAMA,2021-01-05,NA,NA,NA,NA,NA,NA,NA,NA,NA,NA,NA,NA,NA,NA,NA,NA,2021-01-08,NA,NA,FALSE,NA,富山県
JP-16,TOYAMA,2021-01-06,NA,NA,NA,NA,NA,NA,NA,NA,NA,NA,NA,NA,NA,NA,NA,NA,2021-01-08,NA,NA,FALSE,NA,富山県
JP-16,TOYAMA,2021-01-07,NA,NA,NA,NA,NA,NA,NA,NA,NA,NA,NA,NA,NA,NA,NA,NA,2021-01-08,NA,NA,FALSE,NA,富山県
JP-16,TOYAMA,2021-01-08,NA,NA,NA,NA,NA,NA,NA,NA,NA,NA,NA,NA,NA,NA,NA,NA,2021-01-08,NA,NA,FALSE,NA,富山県
JP-17,ISHIKAWA,2020-12-12,NA,NA,NA,NA,NA,NA,NA,NA,NA,NA,NA,NA,NA,NA,NA,NA,2021-01-08,NA,NA,NA,NA,石川県
JP-17,ISHIKAWA,2020-12-13,NA,NA,NA,NA,NA,NA,NA,NA,NA,NA,NA,NA,NA,NA,NA,NA,2021-01-08,NA,NA,FALSE,NA,石川県
JP-17,ISHIKAWA,2020-12-14,NA,NA,NA,NA,NA,NA,NA,NA,NA,NA,NA,NA,NA,NA,NA,NA,2021-01-08,NA,NA,FALSE,NA,石川県
JP-17,ISHIKAWA,2020-12-15,NA,NA,NA,NA,NA,NA,NA,NA,NA,NA,NA,NA,NA,NA,NA,NA,2021-01-08,NA,NA,FALSE,NA,石川県
JP-17,ISHIKAWA,2020-12-16,NA,NA,NA,NA,NA,NA,NA,NA,NA,NA,NA,NA,NA,NA,NA,NA,2021-01-08,NA,NA,FALSE,NA,石川県
JP-17,ISHIKAWA,2020-12-17,NA,NA,NA,NA,NA,NA,NA,NA,NA,NA,NA,NA,NA,NA,NA,NA,2021-01-08,NA,NA,FALSE,NA,石川県
JP-17,ISHIKAWA,2020-12-18,NA,NA,NA,NA,NA,NA,NA,NA,NA,NA,NA,NA,NA,NA,NA,NA,2021-01-08,NA,NA,FALSE,NA,石川県
JP-17,ISHIKAWA,2020-12-19,NA,NA,NA,NA,NA,NA,NA,NA,NA,NA,NA,NA,NA,NA,NA,NA,2021-01-08,NA,NA,FALSE,NA,石川県
JP-17,ISHIKAWA,2020-12-20,NA,NA,NA,NA,NA,NA,NA,NA,NA,NA,NA,NA,NA,NA,NA,NA,2021-01-08,NA,NA,FALSE,NA,石川県
JP-17,ISHIKAWA,2020-12-21,NA,NA,NA,NA,NA,NA,NA,NA,NA,NA,NA,NA,NA,NA,NA,NA,2021-01-08,NA,NA,FALSE,NA,石川県
JP-17,ISHIKAWA,2020-12-22,NA,NA,NA,NA,NA,NA,NA,NA,NA,NA,NA,NA,NA,NA,NA,NA,2021-01-08,NA,NA,FALSE,NA,石川県
JP-17,ISHIKAWA,2020-12-23,NA,NA,NA,NA,NA,NA,NA,NA,NA,NA,NA,NA,NA,NA,NA,NA,2021-01-08,NA,NA,FALSE,NA,石川県
JP-17,ISHIKAWA,2020-12-24,NA,NA,NA,NA,NA,NA,NA,NA,NA,NA,NA,NA,NA,NA,NA,NA,2021-01-08,NA,NA,FALSE,NA,石川県
JP-17,ISHIKAWA,2020-12-25,NA,NA,NA,NA,NA,NA,NA,NA,NA,NA,NA,NA,NA,NA,NA,NA,2021-01-08,NA,NA,FALSE,NA,石川県
JP-17,ISHIKAWA,2020-12-26,NA,NA,NA,NA,NA,NA,NA,NA,NA,NA,NA,NA,NA,NA,NA,NA,2021-01-08,NA,NA,FALSE,NA,石川県
JP-17,ISHIKAWA,2020-12-27,NA,NA,NA,NA,NA,NA,NA,NA,NA,NA,NA,NA,NA,NA,NA,NA,2021-01-08,NA,NA,FALSE,NA,石川県
JP-17,ISHIKAWA,2020-12-28,NA,NA,NA,NA,NA,NA,NA,NA,NA,NA,NA,NA,NA,NA,NA,NA,2021-01-08,NA,NA,FALSE,NA,石川県
JP-17,ISHIKAWA,2020-12-29,NA,NA,NA,NA,NA,NA,NA,NA,NA,NA,NA,NA,NA,NA,NA,NA,2021-01-08,NA,NA,FALSE,NA,石川県
JP-17,ISHIKAWA,2020-12-30,NA,NA,NA,NA,NA,NA,NA,NA,NA,NA,NA,NA,NA,NA,NA,NA,2021-01-08,NA,NA,FALSE,NA,石川県
JP-17,ISHIKAWA,2020-12-31,NA,NA,NA,NA,NA,NA,NA,NA,NA,NA,NA,NA,NA,NA,NA,NA,2021-01-08,NA,NA,TRUE,NA,石川県
JP-17,ISHIKAWA,2021-01-01,NA,NA,NA,NA,NA,NA,NA,NA,NA,NA,NA,NA,NA,NA,NA,NA,2021-01-08,NA,NA,FALSE,NA,石川県
JP-17,ISHIKAWA,2021-01-02,NA,NA,NA,NA,NA,NA,NA,NA,NA,NA,NA,NA,NA,NA,NA,NA,2021-01-08,NA,NA,FALSE,NA,石川県
JP-17,ISHIKAWA,2021-01-03,NA,NA,NA,NA,NA,NA,NA,NA,NA,NA,NA,NA,NA,NA,NA,NA,2021-01-08,NA,NA,FALSE,NA,石川県
JP-17,ISHIKAWA,2021-01-04,NA,NA,NA,NA,NA,NA,NA,NA,NA,NA,NA,NA,NA,NA,NA,NA,2021-01-08,NA,NA,FALSE,NA,石川県
JP-17,ISHIKAWA,2021-01-05,NA,NA,NA,NA,NA,NA,NA,NA,NA,NA,NA,NA,NA,NA,NA,NA,2021-01-08,NA,NA,FALSE,NA,石川県
JP-17,ISHIKAWA,2021-01-06,NA,NA,NA,NA,NA,NA,NA,NA,NA,NA,NA,NA,NA,NA,NA,NA,2021-01-08,NA,NA,FALSE,NA,石川県
JP-17,ISHIKAWA,2021-01-07,NA,NA,NA,NA,NA,NA,NA,NA,NA,NA,NA,NA,NA,NA,NA,NA,2021-01-08,NA,NA,TRUE,NA,石川県
JP-17,ISHIKAWA,2021-01-08,NA,NA,NA,NA,NA,NA,NA,NA,NA,NA,NA,NA,NA,NA,NA,NA,2021-01-08,NA,NA,FALSE,NA,石川県
JP-18,FUKUI,2020-12-12,NA,NA,NA,NA,NA,NA,NA,NA,NA,NA,NA,NA,NA,NA,NA,NA,2021-01-08,NA,NA,NA,NA,福井県
JP-18,FUKUI,2020-12-13,NA,NA,NA,NA,NA,NA,NA,NA,NA,NA,NA,NA,NA,NA,NA,NA,2021-01-08,NA,NA,FALSE,TRUE,福井県
JP-18,FUKUI,2020-12-14,NA,NA,NA,NA,NA,NA,NA,NA,NA,NA,NA,NA,NA,NA,NA,NA,2021-01-08,NA,NA,FALSE,FALSE,福井県
JP-18,FUKUI,2020-12-15,NA,NA,NA,NA,NA,NA,NA,NA,NA,NA,NA,NA,NA,NA,NA,NA,2021-01-08,NA,NA,FALSE,TRUE,福井県
JP-18,FUKUI,2020-12-16,NA,NA,NA,NA,NA,NA,NA,NA,NA,NA,NA,NA,NA,NA,NA,NA,2021-01-08,NA,NA,FALSE,NA,福井県
JP-18,FUKUI,2020-12-17,NA,NA,NA,NA,NA,NA,NA,NA,NA,NA,NA,NA,NA,NA,NA,NA,2021-01-08,NA,NA,FALSE,FALSE,福井県
JP-18,FUKUI,2020-12-18,NA,NA,NA,NA,NA,NA,NA,NA,NA,NA,NA,NA,NA,NA,NA,NA,2021-01-08,NA,NA,FALSE,FALSE,福井県
JP-18,FUKUI,2020-12-19,NA,NA,NA,NA,NA,NA,NA,NA,NA,NA,NA,NA,NA,NA,NA,NA,2021-01-08,NA,NA,FALSE,FALSE,福井県
JP-18,FUKUI,2020-12-20,NA,NA,NA,NA,NA,NA,NA,NA,NA,NA,NA,NA,NA,NA,NA,NA,2021-01-08,NA,NA,FALSE,FALSE,福井県
JP-18,FUKUI,2020-12-21,NA,NA,NA,NA,NA,NA,NA,NA,NA,NA,NA,NA,NA,NA,NA,NA,2021-01-08,NA,NA,FALSE,FALSE,福井県
JP-18,FUKUI,2020-12-22,NA,NA,NA,NA,NA,NA,NA,NA,NA,NA,NA,NA,NA,NA,NA,NA,2021-01-08,NA,NA,FALSE,FALSE,福井県
JP-18,FUKUI,2020-12-23,NA,NA,NA,NA,NA,NA,NA,NA,NA,NA,NA,NA,NA,NA,NA,NA,2021-01-08,NA,NA,FALSE,TRUE,福井県
JP-18,FUKUI,2020-12-24,NA,NA,NA,NA,NA,NA,NA,NA,NA,NA,NA,NA,NA,NA,NA,NA,2021-01-08,NA,NA,FALSE,TRUE,福井県
JP-18,FUKUI,2020-12-25,NA,NA,NA,NA,NA,NA,NA,NA,NA,NA,NA,NA,NA,NA,NA,NA,2021-01-08,NA,NA,FALSE,NA,福井県
JP-18,FUKUI,2020-12-26,NA,NA,NA,NA,NA,NA,NA,NA,NA,NA,NA,NA,NA,NA,NA,NA,2021-01-08,NA,NA,FALSE,NA,福井県
JP-18,FUKUI,2020-12-27,NA,NA,NA,NA,NA,NA,NA,NA,NA,NA,NA,NA,NA,NA,NA,NA,2021-01-08,NA,NA,FALSE,TRUE,福井県
JP-18,FUKUI,2020-12-28,NA,NA,NA,NA,NA,NA,NA,NA,NA,NA,NA,NA,NA,NA,NA,NA,2021-01-08,NA,NA,FALSE,NA,福井県
JP-18,FUKUI,2020-12-29,NA,NA,NA,NA,NA,NA,NA,NA,NA,NA,NA,NA,NA,NA,NA,NA,2021-01-08,NA,NA,FALSE,NA,福井県
JP-18,FUKUI,2020-12-30,NA,NA,NA,NA,NA,NA,NA,NA,NA,NA,NA,NA,NA,NA,NA,NA,2021-01-08,NA,NA,FALSE,NA,福井県
JP-18,FUKUI,2020-12-31,NA,NA,NA,NA,NA,NA,NA,NA,NA,NA,NA,NA,NA,NA,NA,NA,2021-01-08,NA,NA,TRUE,NA,福井県
JP-18,FUKUI,2021-01-01,NA,NA,NA,NA,NA,NA,NA,NA,NA,NA,NA,NA,NA,NA,NA,NA,2021-01-08,NA,NA,FALSE,FALSE,福井県
JP-18,FUKUI,2021-01-02,NA,NA,NA,NA,NA,NA,NA,NA,NA,NA,NA,NA,NA,NA,NA,NA,2021-01-08,NA,NA,FALSE,NA,福井県
JP-18,FUKUI,2021-01-03,NA,NA,NA,NA,NA,NA,NA,NA,NA,NA,NA,NA,NA,NA,NA,NA,2021-01-08,NA,NA,FALSE,FALSE,福井県
JP-18,FUKUI,2021-01-04,NA,NA,NA,NA,NA,NA,NA,NA,NA,NA,NA,NA,NA,NA,NA,NA,2021-01-08,NA,NA,FALSE,TRUE,福井県
JP-18,FUKUI,2021-01-05,NA,NA,NA,NA,NA,NA,NA,NA,NA,NA,NA,NA,NA,NA,NA,NA,2021-01-08,NA,NA,FALSE,NA,福井県
JP-18,FUKUI,2021-01-06,NA,NA,NA,NA,NA,NA,NA,NA,NA,NA,NA,NA,NA,NA,NA,NA,2021-01-08,NA,NA,FALSE,NA,福井県
JP-18,FUKUI,2021-01-07,NA,NA,NA,NA,NA,NA,NA,NA,NA,NA,NA,NA,NA,NA,NA,NA,2021-01-08,NA,NA,FALSE,NA,福井県
JP-18,FUKUI,2021-01-08,NA,NA,NA,NA,NA,NA,NA,NA,NA,NA,NA,NA,NA,NA,NA,NA,2021-01-08,NA,NA,FALSE,NA,福井県
JP-19,YAMANASHI,2020-12-12,NA,NA,NA,NA,NA,NA,NA,NA,NA,NA,NA,NA,NA,NA,NA,NA,2021-01-08,NA,NA,NA,NA,山梨県
JP-19,YAMANASHI,2020-12-13,NA,NA,NA,NA,NA,NA,NA,NA,NA,NA,NA,NA,NA,NA,NA,NA,2021-01-08,NA,NA,FALSE,FALSE,山梨県
JP-19,YAMANASHI,2020-12-14,NA,NA,NA,NA,NA,NA,NA,NA,NA,NA,NA,NA,NA,NA,NA,NA,2021-01-08,NA,NA,FALSE,NA,山梨県
JP-19,YAMANASHI,2020-12-15,NA,NA,NA,NA,NA,NA,NA,NA,NA,NA,NA,NA,NA,NA,NA,NA,2021-01-08,NA,NA,FALSE,NA,山梨県
JP-19,YAMANASHI,2020-12-16,NA,NA,NA,NA,NA,NA,NA,NA,NA,NA,NA,NA,NA,NA,NA,NA,2021-01-08,NA,NA,FALSE,NA,山梨県
JP-19,YAMANASHI,2020-12-17,NA,NA,NA,NA,NA,NA,NA,NA,NA,NA,NA,NA,NA,NA,NA,NA,2021-01-08,NA,NA,FALSE,NA,山梨県
JP-19,YAMANASHI,2020-12-18,NA,NA,NA,NA,NA,NA,NA,NA,NA,NA,NA,NA,NA,NA,NA,NA,2021-01-08,NA,NA,TRUE,NA,山梨県
JP-19,YAMANASHI,2020-12-19,NA,NA,NA,NA,NA,NA,NA,NA,NA,NA,NA,NA,NA,NA,NA,NA,2021-01-08,NA,NA,FALSE,FALSE,山梨県
JP-19,YAMANASHI,2020-12-20,NA,NA,NA,NA,NA,NA,NA,NA,NA,NA,NA,NA,NA,NA,NA,NA,2021-01-08,NA,NA,FALSE,FALSE,山梨県
JP-19,YAMANASHI,2020-12-21,NA,NA,NA,NA,NA,NA,NA,NA,NA,NA,NA,NA,NA,NA,NA,NA,2021-01-08,NA,NA,FALSE,NA,山梨県
JP-19,YAMANASHI,2020-12-22,NA,NA,NA,NA,NA,NA,NA,NA,NA,NA,NA,NA,NA,NA,NA,NA,2021-01-08,NA,NA,FALSE,FALSE,山梨県
JP-19,YAMANASHI,2020-12-23,NA,NA,NA,NA,NA,NA,NA,NA,NA,NA,NA,NA,NA,NA,NA,NA,2021-01-08,NA,NA,FALSE,NA,山梨県
JP-19,YAMANASHI,2020-12-24,NA,NA,NA,NA,NA,NA,NA,NA,NA,NA,NA,NA,NA,NA,NA,NA,2021-01-08,NA,NA,FALSE,NA,山梨県
JP-19,YAMANASHI,2020-12-25,NA,NA,NA,NA,NA,NA,NA,NA,NA,NA,NA,NA,NA,NA,NA,NA,2021-01-08,NA,NA,TRUE,NA,山梨県
JP-19,YAMANASHI,2020-12-26,NA,NA,NA,NA,NA,NA,NA,NA,NA,NA,NA,NA,NA,NA,NA,NA,2021-01-08,NA,NA,FALSE,FALSE,山梨県
JP-19,YAMANASHI,2020-12-27,NA,NA,NA,NA,NA,NA,NA,NA,NA,NA,NA,NA,NA,NA,NA,NA,2021-01-08,NA,NA,FALSE,FALSE,山梨県
JP-19,YAMANASHI,2020-12-28,NA,NA,NA,NA,NA,NA,NA,NA,NA,NA,NA,NA,NA,NA,NA,NA,2021-01-08,NA,NA,FALSE,NA,山梨県
JP-19,YAMANASHI,2020-12-29,NA,NA,NA,NA,NA,NA,NA,NA,NA,NA,NA,NA,NA,NA,NA,NA,2021-01-08,NA,NA,FALSE,FALSE,山梨県
JP-19,YAMANASHI,2020-12-30,NA,NA,NA,NA,NA,NA,NA,NA,NA,NA,NA,NA,NA,NA,NA,NA,2021-01-08,NA,NA,FALSE,FALSE,山梨県
JP-19,YAMANASHI,2020-12-31,NA,NA,NA,NA,NA,NA,NA,NA,NA,NA,NA,NA,NA,NA,NA,NA,2021-01-08,NA,NA,FALSE,NA,山梨県
JP-19,YAMANASHI,2021-01-01,NA,NA,NA,NA,NA,NA,NA,NA,NA,NA,NA,NA,NA,NA,NA,NA,2021-01-08,NA,NA,FALSE,FALSE,山梨県
JP-19,YAMANASHI,2021-01-02,NA,NA,NA,NA,NA,NA,NA,NA,NA,NA,NA,NA,NA,NA,NA,NA,2021-01-08,NA,NA,FALSE,FALSE,山梨県
JP-19,YAMANASHI,2021-01-03,NA,NA,NA,NA,NA,NA,NA,NA,NA,NA,NA,NA,NA,NA,NA,NA,2021-01-08,NA,NA,FALSE,FALSE,山梨県
JP-19,YAMANASHI,2021-01-04,NA,NA,NA,NA,NA,NA,NA,NA,NA,NA,NA,NA,NA,NA,NA,NA,2021-01-08,NA,NA,FALSE,NA,山梨県
JP-19,YAMANASHI,2021-01-05,NA,NA,NA,NA,NA,NA,NA,NA,NA,NA,NA,NA,NA,NA,NA,NA,2021-01-08,NA,NA,FALSE,NA,山梨県
JP-19,YAMANASHI,2021-01-06,NA,NA,NA,NA,NA,NA,NA,NA,NA,NA,NA,NA,NA,NA,NA,NA,2021-01-08,NA,NA,FALSE,NA,山梨県
JP-19,YAMANASHI,2021-01-07,NA,NA,NA,NA,NA,NA,NA,NA,NA,NA,NA,NA,NA,NA,NA,NA,2021-01-08,NA,NA,FALSE,FALSE,山梨県
JP-19,YAMANASHI,2021-01-08,NA,NA,NA,NA,NA,NA,NA,NA,NA,NA,NA,NA,NA,NA,NA,NA,2021-01-08,NA,NA,FALSE,NA,山梨県
JP-20,NAGANO,2020-12-12,NA,NA,NA,NA,NA,NA,NA,NA,NA,NA,NA,NA,NA,NA,NA,NA,2021-01-08,NA,NA,NA,NA,長野県
JP-20,NAGANO,2020-12-13,NA,NA,NA,NA,NA,NA,NA,NA,NA,NA,NA,NA,NA,NA,NA,NA,2021-01-08,NA,NA,FALSE,NA,長野県
JP-20,NAGANO,2020-12-14,NA,NA,NA,NA,NA,NA,NA,NA,NA,NA,NA,NA,NA,NA,NA,NA,2021-01-08,NA,NA,FALSE,NA,長野県
JP-20,NAGANO,2020-12-15,NA,NA,NA,NA,NA,NA,NA,NA,NA,NA,NA,NA,NA,NA,NA,NA,2021-01-08,NA,NA,TRUE,NA,長野県
JP-20,NAGANO,2020-12-16,NA,NA,NA,NA,NA,NA,NA,NA,NA,NA,NA,NA,NA,NA,NA,NA,2021-01-08,NA,NA,FALSE,NA,長野県
JP-20,NAGANO,2020-12-17,NA,NA,NA,NA,NA,NA,NA,NA,NA,NA,NA,NA,NA,NA,NA,NA,2021-01-08,NA,NA,FALSE,NA,長野県
JP-20,NAGANO,2020-12-18,NA,NA,NA,NA,NA,NA,NA,NA,NA,NA,NA,NA,NA,NA,NA,NA,2021-01-08,NA,NA,NA,NA,長野県
JP-20,NAGANO,2020-12-19,NA,NA,NA,NA,NA,NA,NA,NA,NA,NA,NA,NA,NA,NA,NA,NA,2021-01-08,NA,NA,FALSE,NA,長野県
JP-20,NAGANO,2020-12-20,NA,NA,NA,NA,NA,NA,NA,NA,NA,NA,NA,NA,NA,NA,NA,NA,2021-01-08,NA,NA,TRUE,NA,長野県
JP-20,NAGANO,2020-12-21,NA,NA,NA,NA,NA,NA,NA,NA,NA,NA,NA,NA,NA,NA,NA,NA,2021-01-08,NA,NA,TRUE,NA,長野県
JP-20,NAGANO,2020-12-22,NA,NA,NA,NA,NA,NA,NA,NA,NA,NA,NA,NA,NA,NA,NA,NA,2021-01-08,NA,NA,FALSE,NA,長野県
JP-20,NAGANO,2020-12-23,NA,NA,NA,NA,NA,NA,NA,NA,NA,NA,NA,NA,NA,NA,NA,NA,2021-01-08,NA,NA,FALSE,NA,長野県
JP-20,NAGANO,2020-12-24,NA,NA,NA,NA,NA,NA,NA,NA,NA,NA,NA,NA,NA,NA,NA,NA,2021-01-08,NA,NA,TRUE,NA,長野県
JP-20,NAGANO,2020-12-25,NA,NA,NA,NA,NA,NA,NA,NA,NA,NA,NA,NA,NA,NA,NA,NA,2021-01-08,NA,NA,TRUE,NA,長野県
JP-20,NAGANO,2020-12-26,NA,NA,NA,NA,NA,NA,NA,NA,NA,NA,NA,NA,NA,NA,NA,NA,2021-01-08,NA,NA,FALSE,NA,長野県
JP-20,NAGANO,2020-12-27,NA,NA,NA,NA,NA,NA,NA,NA,NA,NA,NA,NA,NA,NA,NA,NA,2021-01-08,NA,NA,FALSE,NA,長野県
JP-20,NAGANO,2020-12-28,NA,NA,NA,NA,NA,NA,NA,NA,NA,NA,NA,NA,NA,NA,NA,NA,2021-01-08,NA,NA,FALSE,NA,長野県
JP-20,NAGANO,2020-12-29,NA,NA,NA,NA,NA,NA,NA,NA,NA,NA,NA,NA,NA,NA,NA,NA,2021-01-08,NA,NA,TRUE,NA,長野県
JP-20,NAGANO,2020-12-30,NA,NA,NA,NA,NA,NA,NA,NA,NA,NA,NA,NA,NA,NA,NA,NA,2021-01-08,NA,NA,TRUE,NA,長野県
JP-20,NAGANO,2020-12-31,NA,NA,NA,NA,NA,NA,NA,NA,NA,NA,NA,NA,NA,NA,NA,NA,2021-01-08,NA,NA,FALSE,NA,長野県
JP-20,NAGANO,2021-01-01,NA,NA,NA,NA,NA,NA,NA,NA,NA,NA,NA,NA,NA,NA,NA,NA,2021-01-08,NA,NA,FALSE,NA,長野県
JP-20,NAGANO,2021-01-02,NA,NA,NA,NA,NA,NA,NA,NA,NA,NA,NA,NA,NA,NA,NA,NA,2021-01-08,NA,NA,TRUE,NA,長野県
JP-20,NAGANO,2021-01-03,NA,NA,NA,NA,NA,NA,NA,NA,NA,NA,NA,NA,NA,NA,NA,NA,2021-01-08,NA,NA,FALSE,NA,長野県
JP-20,NAGANO,2021-01-04,NA,NA,NA,NA,NA,NA,NA,NA,NA,NA,NA,NA,NA,NA,NA,NA,2021-01-08,NA,NA,FALSE,NA,長野県
JP-20,NAGANO,2021-01-05,NA,NA,NA,NA,NA,NA,NA,NA,NA,NA,NA,NA,NA,NA,NA,NA,2021-01-08,NA,NA,NA,NA,長野県
JP-20,NAGANO,2021-01-06,NA,NA,NA,NA,NA,NA,NA,NA,NA,NA,NA,NA,NA,NA,NA,NA,2021-01-08,NA,NA,FALSE,NA,長野県
JP-20,NAGANO,2021-01-07,NA,NA,NA,NA,NA,NA,NA,NA,NA,NA,NA,NA,NA,NA,NA,NA,2021-01-08,NA,NA,FALSE,NA,長野県
JP-20,NAGANO,2021-01-08,NA,NA,NA,NA,NA,NA,NA,NA,NA,NA,NA,NA,NA,NA,NA,NA,2021-01-08,NA,NA,FALSE,NA,長野県
JP-21,GIFU,2020-12-12,NA,NA,NA,NA,NA,NA,NA,NA,NA,NA,NA,NA,NA,NA,NA,NA,2021-01-08,NA,NA,NA,NA,岐阜県
JP-21,GIFU,2020-12-13,NA,NA,NA,NA,NA,NA,NA,NA,NA,NA,NA,NA,NA,NA,NA,NA,2021-01-08,NA,NA,FALSE,NA,岐阜県
JP-21,GIFU,2020-12-14,NA,NA,NA,NA,NA,NA,NA,NA,NA,NA,NA,NA,NA,NA,NA,NA,2021-01-08,NA,NA,FALSE,NA,岐阜県
JP-21,GIFU,2020-12-15,NA,NA,NA,NA,NA,NA,NA,NA,NA,NA,NA,NA,NA,NA,NA,NA,2021-01-08,NA,NA,TRUE,NA,岐阜県
JP-21,GIFU,2020-12-16,NA,NA,NA,NA,NA,NA,NA,NA,NA,NA,NA,NA,NA,NA,NA,NA,2021-01-08,NA,NA,FALSE,NA,岐阜県
JP-21,GIFU,2020-12-17,NA,NA,NA,NA,NA,NA,NA,NA,NA,NA,NA,NA,NA,NA,NA,NA,2021-01-08,NA,NA,FALSE,NA,岐阜県
JP-21,GIFU,2020-12-18,NA,NA,NA,NA,NA,NA,NA,NA,NA,NA,NA,NA,NA,NA,NA,NA,2021-01-08,NA,NA,TRUE,NA,岐阜県
JP-21,GIFU,2020-12-19,NA,NA,NA,NA,NA,NA,NA,NA,NA,NA,NA,NA,NA,NA,NA,NA,2021-01-08,NA,NA,TRUE,NA,岐阜県
JP-21,GIFU,2020-12-20,NA,NA,NA,NA,NA,NA,NA,NA,NA,NA,NA,NA,NA,NA,NA,NA,2021-01-08,NA,NA,FALSE,NA,岐阜県
JP-21,GIFU,2020-12-21,NA,NA,NA,NA,NA,NA,NA,NA,NA,NA,NA,NA,NA,NA,NA,NA,2021-01-08,NA,NA,FALSE,NA,岐阜県
JP-21,GIFU,2020-12-22,NA,NA,NA,NA,NA,NA,NA,NA,NA,NA,NA,NA,NA,NA,NA,NA,2021-01-08,NA,NA,NA,NA,岐阜県
JP-21,GIFU,2020-12-23,NA,NA,NA,NA,NA,NA,NA,NA,NA,NA,NA,NA,NA,NA,NA,NA,2021-01-08,NA,NA,TRUE,NA,岐阜県
JP-21,GIFU,2020-12-24,NA,NA,NA,NA,NA,NA,NA,NA,NA,NA,NA,NA,NA,NA,NA,NA,2021-01-08,NA,NA,TRUE,NA,岐阜県
JP-21,GIFU,2020-12-25,NA,NA,NA,NA,NA,NA,NA,NA,NA,NA,NA,NA,NA,NA,NA,NA,2021-01-08,NA,NA,TRUE,NA,岐阜県
JP-21,GIFU,2020-12-26,NA,NA,NA,NA,NA,NA,NA,NA,NA,NA,NA,NA,NA,NA,NA,NA,2021-01-08,NA,NA,TRUE,NA,岐阜県
JP-21,GIFU,2020-12-27,NA,NA,NA,NA,NA,NA,NA,NA,NA,NA,NA,NA,NA,NA,NA,NA,2021-01-08,NA,NA,NA,NA,岐阜県
JP-21,GIFU,2020-12-28,NA,NA,NA,NA,NA,NA,NA,NA,NA,NA,NA,NA,NA,NA,NA,NA,2021-01-08,NA,NA,FALSE,NA,岐阜県
JP-21,GIFU,2020-12-29,NA,NA,NA,NA,NA,NA,NA,NA,NA,NA,NA,NA,NA,NA,NA,NA,2021-01-08,NA,NA,FALSE,NA,岐阜県
JP-21,GIFU,2020-12-30,NA,NA,NA,NA,NA,NA,NA,NA,NA,NA,NA,NA,NA,NA,NA,NA,2021-01-08,NA,NA,NA,NA,岐阜県
JP-21,GIFU,2020-12-31,NA,NA,NA,NA,NA,NA,NA,NA,NA,NA,NA,NA,NA,NA,NA,NA,2021-01-08,NA,NA,TRUE,NA,岐阜県
JP-21,GIFU,2021-01-01,NA,NA,NA,NA,NA,NA,NA,NA,NA,NA,NA,NA,NA,NA,NA,NA,2021-01-08,NA,NA,TRUE,NA,岐阜県
JP-21,GIFU,2021-01-02,NA,NA,NA,NA,NA,NA,NA,NA,NA,NA,NA,NA,NA,NA,NA,NA,2021-01-08,NA,NA,NA,NA,岐阜県
JP-21,GIFU,2021-01-03,NA,NA,NA,NA,NA,NA,NA,NA,NA,NA,NA,NA,NA,NA,NA,NA,2021-01-08,NA,NA,TRUE,NA,岐阜県
JP-21,GIFU,2021-01-04,NA,NA,NA,NA,NA,NA,NA,NA,NA,NA,NA,NA,NA,NA,NA,NA,2021-01-08,NA,NA,TRUE,NA,岐阜県
JP-21,GIFU,2021-01-05,NA,NA,NA,NA,NA,NA,NA,NA,NA,NA,NA,NA,NA,NA,NA,NA,2021-01-08,NA,NA,NA,NA,岐阜県
JP-21,GIFU,2021-01-06,NA,NA,NA,NA,NA,NA,NA,NA,NA,NA,NA,NA,NA,NA,NA,NA,2021-01-08,NA,NA,TRUE,NA,岐阜県
JP-21,GIFU,2021-01-07,NA,NA,NA,NA,NA,NA,NA,NA,NA,NA,NA,NA,NA,NA,NA,NA,2021-01-08,NA,NA,TRUE,NA,岐阜県
JP-21,GIFU,2021-01-08,NA,NA,NA,NA,NA,NA,NA,NA,NA,NA,NA,NA,NA,NA,NA,NA,2021-01-08,NA,NA,TRUE,NA,岐阜県
JP-22,SHIZUOKA,2020-12-12,NA,NA,NA,NA,NA,NA,NA,NA,NA,NA,NA,NA,NA,NA,NA,NA,2021-01-08,NA,NA,NA,NA,静岡県
JP-22,SHIZUOKA,2020-12-13,NA,NA,NA,NA,NA,NA,NA,NA,NA,NA,NA,NA,NA,NA,NA,NA,2021-01-08,NA,NA,FALSE,FALSE,静岡県
JP-22,SHIZUOKA,2020-12-14,NA,NA,NA,NA,NA,NA,NA,NA,NA,NA,NA,NA,NA,NA,NA,NA,2021-01-08,NA,NA,NA,NA,静岡県
JP-22,SHIZUOKA,2020-12-15,NA,NA,NA,NA,NA,NA,NA,NA,NA,NA,NA,NA,NA,NA,NA,NA,2021-01-08,NA,NA,FALSE,NA,静岡県
JP-22,SHIZUOKA,2020-12-16,NA,NA,NA,NA,NA,NA,NA,NA,NA,NA,NA,NA,NA,NA,NA,NA,2021-01-08,NA,NA,NA,NA,静岡県
JP-22,SHIZUOKA,2020-12-17,NA,NA,NA,NA,NA,NA,NA,NA,NA,NA,NA,NA,NA,NA,NA,NA,2021-01-08,NA,NA,NA,NA,静岡県
JP-22,SHIZUOKA,2020-12-18,NA,NA,NA,NA,NA,NA,NA,NA,NA,NA,NA,NA,NA,NA,NA,NA,2021-01-08,NA,NA,FALSE,NA,静岡県
JP-22,SHIZUOKA,2020-12-19,NA,NA,NA,NA,NA,NA,NA,NA,NA,NA,NA,NA,NA,NA,NA,NA,2021-01-08,NA,NA,TRUE,NA,静岡県
JP-22,SHIZUOKA,2020-12-20,NA,NA,NA,NA,NA,NA,NA,NA,NA,NA,NA,NA,NA,NA,NA,NA,2021-01-08,NA,NA,FALSE,FALSE,静岡県
JP-22,SHIZUOKA,2020-12-21,NA,NA,NA,NA,NA,NA,NA,NA,NA,NA,NA,NA,NA,NA,NA,NA,2021-01-08,NA,NA,NA,NA,静岡県
JP-22,SHIZUOKA,2020-12-22,NA,NA,NA,NA,NA,NA,NA,NA,NA,NA,NA,NA,NA,NA,NA,NA,2021-01-08,NA,NA,NA,NA,静岡県
JP-22,SHIZUOKA,2020-12-23,NA,NA,NA,NA,NA,NA,NA,NA,NA,NA,NA,NA,NA,NA,NA,NA,2021-01-08,NA,NA,TRUE,NA,静岡県
JP-22,SHIZUOKA,2020-12-24,NA,NA,NA,NA,NA,NA,NA,NA,NA,NA,NA,NA,NA,NA,NA,NA,2021-01-08,NA,NA,NA,NA,静岡県
JP-22,SHIZUOKA,2020-12-25,NA,NA,NA,NA,NA,NA,NA,NA,NA,NA,NA,NA,NA,NA,NA,NA,2021-01-08,NA,NA,NA,NA,静岡県
JP-22,SHIZUOKA,2020-12-26,NA,NA,NA,NA,NA,NA,NA,NA,NA,NA,NA,NA,NA,NA,NA,NA,2021-01-08,NA,NA,FALSE,NA,静岡県
JP-22,SHIZUOKA,2020-12-27,NA,NA,NA,NA,NA,NA,NA,NA,NA,NA,NA,NA,NA,NA,NA,NA,2021-01-08,NA,NA,TRUE,NA,静岡県
JP-22,SHIZUOKA,2020-12-28,NA,NA,NA,NA,NA,NA,NA,NA,NA,NA,NA,NA,NA,NA,NA,NA,2021-01-08,NA,NA,FALSE,NA,静岡県
JP-22,SHIZUOKA,2020-12-29,NA,NA,NA,NA,NA,NA,NA,NA,NA,NA,NA,NA,NA,NA,NA,NA,2021-01-08,NA,NA,NA,NA,静岡県
JP-22,SHIZUOKA,2020-12-30,NA,NA,NA,NA,NA,NA,NA,NA,NA,NA,NA,NA,NA,NA,NA,NA,2021-01-08,NA,NA,TRUE,NA,静岡県
JP-22,SHIZUOKA,2020-12-31,NA,NA,NA,NA,NA,NA,NA,NA,NA,NA,NA,NA,NA,NA,NA,NA,2021-01-08,NA,NA,FALSE,NA,静岡県
JP-22,SHIZUOKA,2021-01-01,NA,NA,NA,NA,NA,NA,NA,NA,NA,NA,NA,NA,NA,NA,NA,NA,2021-01-08,NA,NA,FALSE,NA,静岡県
JP-22,SHIZUOKA,2021-01-02,NA,NA,NA,NA,NA,NA,NA,NA,NA,NA,NA,NA,NA,NA,NA,NA,2021-01-08,NA,NA,FALSE,NA,静岡県
JP-22,SHIZUOKA,2021-01-03,NA,NA,NA,NA,NA,NA,NA,NA,NA,NA,NA,NA,NA,NA,NA,NA,2021-01-08,NA,NA,FALSE,NA,静岡県
JP-22,SHIZUOKA,2021-01-04,NA,NA,NA,NA,NA,NA,NA,NA,NA,NA,NA,NA,NA,NA,NA,NA,2021-01-08,NA,NA,FALSE,NA,静岡県
JP-22,SHIZUOKA,2021-01-05,NA,NA,NA,NA,NA,NA,NA,NA,NA,NA,NA,NA,NA,NA,NA,NA,2021-01-08,NA,NA,TRUE,NA,静岡県
JP-22,SHIZUOKA,2021-01-06,NA,NA,NA,NA,NA,NA,NA,NA,NA,NA,NA,NA,NA,NA,NA,NA,2021-01-08,NA,NA,NA,NA,静岡県
JP-22,SHIZUOKA,2021-01-07,NA,NA,NA,NA,NA,NA,NA,NA,NA,NA,NA,NA,NA,NA,NA,NA,2021-01-08,NA,NA,NA,NA,静岡県
JP-22,SHIZUOKA,2021-01-08,NA,NA,NA,NA,NA,NA,NA,NA,NA,NA,NA,NA,NA,NA,NA,NA,2021-01-08,NA,NA,NA,NA,静岡県
JP-23,AICHI,2020-12-12,NA,NA,NA,NA,NA,NA,NA,NA,NA,NA,NA,NA,NA,NA,NA,NA,2021-01-08,NA,NA,NA,NA,愛知県
JP-23,AICHI,2020-12-13,NA,NA,NA,NA,NA,NA,NA,NA,NA,NA,NA,NA,NA,NA,NA,NA,2021-01-08,NA,NA,TRUE,NA,愛知県
JP-23,AICHI,2020-12-14,NA,NA,NA,NA,NA,NA,NA,NA,NA,NA,NA,NA,NA,NA,NA,NA,2021-01-08,NA,NA,TRUE,NA,愛知県
JP-23,AICHI,2020-12-15,NA,NA,NA,NA,NA,NA,NA,NA,NA,NA,NA,NA,NA,NA,NA,NA,2021-01-08,NA,NA,TRUE,NA,愛知県
JP-23,AICHI,2020-12-16,NA,NA,NA,NA,NA,NA,NA,NA,NA,NA,NA,NA,NA,NA,NA,NA,2021-01-08,NA,NA,NA,NA,愛知県
JP-23,AICHI,2020-12-17,NA,NA,NA,NA,NA,NA,NA,NA,NA,NA,NA,NA,NA,NA,NA,NA,2021-01-08,NA,NA,NA,NA,愛知県
JP-23,AICHI,2020-12-18,NA,NA,NA,NA,NA,NA,NA,NA,NA,NA,NA,NA,NA,NA,NA,NA,2021-01-08,NA,NA,NA,NA,愛知県
JP-23,AICHI,2020-12-19,NA,NA,NA,NA,NA,NA,NA,NA,NA,NA,NA,NA,NA,NA,NA,NA,2021-01-08,NA,NA,NA,NA,愛知県
JP-23,AICHI,2020-12-20,NA,NA,NA,NA,NA,NA,NA,NA,NA,NA,NA,NA,NA,NA,NA,NA,2021-01-08,NA,NA,NA,NA,愛知県
JP-23,AICHI,2020-12-21,NA,NA,NA,NA,NA,NA,NA,NA,NA,NA,NA,NA,NA,NA,NA,NA,2021-01-08,NA,NA,NA,NA,愛知県
JP-23,AICHI,2020-12-22,NA,NA,NA,NA,NA,NA,NA,NA,NA,NA,NA,NA,NA,NA,NA,NA,2021-01-08,NA,NA,NA,NA,愛知県
JP-23,AICHI,2020-12-23,NA,NA,NA,NA,NA,NA,NA,NA,NA,NA,NA,NA,NA,NA,NA,NA,2021-01-08,NA,NA,NA,NA,愛知県
JP-23,AICHI,2020-12-24,NA,NA,NA,NA,NA,NA,NA,NA,NA,NA,NA,NA,NA,NA,NA,NA,2021-01-08,NA,NA,NA,NA,愛知県
JP-23,AICHI,2020-12-25,NA,NA,NA,NA,NA,NA,NA,NA,NA,NA,NA,NA,NA,NA,NA,NA,2021-01-08,NA,NA,NA,NA,愛知県
JP-23,AICHI,2020-12-26,NA,NA,NA,NA,NA,NA,NA,NA,NA,NA,NA,NA,NA,NA,NA,NA,2021-01-08,NA,NA,NA,NA,愛知県
JP-23,AICHI,2020-12-27,NA,NA,NA,NA,NA,NA,NA,NA,NA,NA,NA,NA,NA,NA,NA,NA,2021-01-08,NA,NA,NA,NA,愛知県
JP-23,AICHI,2020-12-28,NA,NA,NA,NA,NA,NA,NA,NA,NA,NA,NA,NA,NA,NA,NA,NA,2021-01-08,NA,NA,TRUE,NA,愛知県
JP-23,AICHI,2020-12-29,NA,NA,NA,NA,NA,NA,NA,NA,NA,NA,NA,NA,NA,NA,NA,NA,2021-01-08,NA,NA,NA,NA,愛知県
JP-23,AICHI,2020-12-30,NA,NA,NA,NA,NA,NA,NA,NA,NA,NA,NA,NA,NA,NA,NA,NA,2021-01-08,NA,NA,NA,NA,愛知県
JP-23,AICHI,2020-12-31,NA,NA,NA,NA,NA,NA,NA,NA,NA,NA,NA,NA,NA,NA,NA,NA,2021-01-08,NA,NA,NA,NA,愛知県
JP-23,AICHI,2021-01-01,NA,NA,NA,NA,NA,NA,NA,NA,NA,NA,NA,NA,NA,NA,NA,NA,2021-01-08,NA,NA,NA,NA,愛知県
JP-23,AICHI,2021-01-02,NA,NA,NA,NA,NA,NA,NA,NA,NA,NA,NA,NA,NA,NA,NA,NA,2021-01-08,NA,NA,NA,NA,愛知県
JP-23,AICHI,2021-01-03,NA,NA,NA,NA,NA,NA,NA,NA,NA,NA,NA,NA,NA,NA,NA,NA,2021-01-08,NA,NA,NA,NA,愛知県
JP-23,AICHI,2021-01-04,NA,NA,NA,NA,NA,NA,NA,NA,NA,NA,NA,NA,NA,NA,NA,NA,2021-01-08,NA,NA,NA,NA,愛知県
JP-23,AICHI,2021-01-05,NA,NA,NA,NA,NA,NA,NA,NA,NA,NA,NA,NA,NA,NA,NA,NA,2021-01-08,NA,NA,NA,NA,愛知県
JP-23,AICHI,2021-01-06,NA,NA,NA,NA,NA,NA,NA,NA,NA,NA,NA,NA,NA,NA,NA,NA,2021-01-08,NA,NA,NA,NA,愛知県
JP-23,AICHI,2021-01-07,NA,NA,NA,NA,NA,NA,NA,NA,NA,NA,NA,NA,NA,NA,NA,NA,2021-01-08,NA,NA,NA,NA,愛知県
JP-23,AICHI,2021-01-08,NA,NA,NA,NA,NA,NA,NA,NA,NA,NA,NA,NA,NA,NA,NA,NA,2021-01-08,NA,NA,NA,NA,愛知県
JP-24,MIE,2020-12-12,NA,NA,NA,NA,NA,NA,NA,NA,NA,NA,NA,NA,NA,NA,NA,NA,2021-01-08,NA,NA,NA,NA,三重県
JP-24,MIE,2020-12-13,NA,NA,NA,NA,NA,NA,NA,NA,NA,NA,NA,NA,NA,NA,NA,NA,2021-01-08,NA,NA,FALSE,NA,三重県
JP-24,MIE,2020-12-14,NA,NA,NA,NA,NA,NA,NA,NA,NA,NA,NA,NA,NA,NA,NA,NA,2021-01-08,NA,NA,FALSE,NA,三重県
JP-24,MIE,2020-12-15,NA,NA,NA,NA,NA,NA,NA,NA,NA,NA,NA,NA,NA,NA,NA,NA,2021-01-08,NA,NA,TRUE,NA,三重県
JP-24,MIE,2020-12-16,NA,NA,NA,NA,NA,NA,NA,NA,NA,NA,NA,NA,NA,NA,NA,NA,2021-01-08,NA,NA,TRUE,NA,三重県
JP-24,MIE,2020-12-17,NA,NA,NA,NA,NA,NA,NA,NA,NA,NA,NA,NA,NA,NA,NA,NA,2021-01-08,NA,NA,TRUE,NA,三重県
JP-24,MIE,2020-12-18,NA,NA,NA,NA,NA,NA,NA,NA,NA,NA,NA,NA,NA,NA,NA,NA,2021-01-08,NA,NA,FALSE,NA,三重県
JP-24,MIE,2020-12-19,NA,NA,NA,NA,NA,NA,NA,NA,NA,NA,NA,NA,NA,NA,NA,NA,2021-01-08,NA,NA,FALSE,NA,三重県
JP-24,MIE,2020-12-20,NA,NA,NA,NA,NA,NA,NA,NA,NA,NA,NA,NA,NA,NA,NA,NA,2021-01-08,NA,NA,FALSE,NA,三重県
JP-24,MIE,2020-12-21,NA,NA,NA,NA,NA,NA,NA,NA,NA,NA,NA,NA,NA,NA,NA,NA,2021-01-08,NA,NA,FALSE,NA,三重県
JP-24,MIE,2020-12-22,NA,NA,NA,NA,NA,NA,NA,NA,NA,NA,NA,NA,NA,NA,NA,NA,2021-01-08,NA,NA,FALSE,NA,三重県
JP-24,MIE,2020-12-23,NA,NA,NA,NA,NA,NA,NA,NA,NA,NA,NA,NA,NA,NA,NA,NA,2021-01-08,NA,NA,FALSE,NA,三重県
JP-24,MIE,2020-12-24,NA,NA,NA,NA,NA,NA,NA,NA,NA,NA,NA,NA,NA,NA,NA,NA,2021-01-08,NA,NA,FALSE,NA,三重県
JP-24,MIE,2020-12-25,NA,NA,NA,NA,NA,NA,NA,NA,NA,NA,NA,NA,NA,NA,NA,NA,2021-01-08,NA,NA,FALSE,NA,三重県
JP-24,MIE,2020-12-26,NA,NA,NA,NA,NA,NA,NA,NA,NA,NA,NA,NA,NA,NA,NA,NA,2021-01-08,NA,NA,TRUE,NA,三重県
JP-24,MIE,2020-12-27,NA,NA,NA,NA,NA,NA,NA,NA,NA,NA,NA,NA,NA,NA,NA,NA,2021-01-08,NA,NA,FALSE,NA,三重県
JP-24,MIE,2020-12-28,NA,NA,NA,NA,NA,NA,NA,NA,NA,NA,NA,NA,NA,NA,NA,NA,2021-01-08,NA,NA,FALSE,NA,三重県
JP-24,MIE,2020-12-29,NA,NA,NA,NA,NA,NA,NA,NA,NA,NA,NA,NA,NA,NA,NA,NA,2021-01-08,NA,NA,FALSE,NA,三重県
JP-24,MIE,2020-12-30,NA,NA,NA,NA,NA,NA,NA,NA,NA,NA,NA,NA,NA,NA,NA,NA,2021-01-08,NA,NA,TRUE,NA,三重県
JP-24,MIE,2020-12-31,NA,NA,NA,NA,NA,NA,NA,NA,NA,NA,NA,NA,NA,NA,NA,NA,2021-01-08,NA,NA,TRUE,NA,三重県
JP-24,MIE,2021-01-01,NA,NA,NA,NA,NA,NA,NA,NA,NA,NA,NA,NA,NA,NA,NA,NA,2021-01-08,NA,NA,FALSE,NA,三重県
JP-24,MIE,2021-01-02,NA,NA,NA,NA,NA,NA,NA,NA,NA,NA,NA,NA,NA,NA,NA,NA,2021-01-08,NA,NA,FALSE,NA,三重県
JP-24,MIE,2021-01-03,NA,NA,NA,NA,NA,NA,NA,NA,NA,NA,NA,NA,NA,NA,NA,NA,2021-01-08,NA,NA,TRUE,NA,三重県
JP-24,MIE,2021-01-04,NA,NA,NA,NA,NA,NA,NA,NA,NA,NA,NA,NA,NA,NA,NA,NA,2021-01-08,NA,NA,TRUE,NA,三重県
JP-24,MIE,2021-01-05,NA,NA,NA,NA,NA,NA,NA,NA,NA,NA,NA,NA,NA,NA,NA,NA,2021-01-08,NA,NA,FALSE,NA,三重県
JP-24,MIE,2021-01-06,NA,NA,NA,NA,NA,NA,NA,NA,NA,NA,NA,NA,NA,NA,NA,NA,2021-01-08,NA,NA,FALSE,NA,三重県
JP-24,MIE,2021-01-07,NA,NA,NA,NA,NA,NA,NA,NA,NA,NA,NA,NA,NA,NA,NA,NA,2021-01-08,NA,NA,FALSE,NA,三重県
JP-24,MIE,2021-01-08,NA,NA,NA,NA,NA,NA,NA,NA,NA,NA,NA,NA,NA,NA,NA,NA,2021-01-08,NA,NA,TRUE,NA,三重県
JP-25,SHIGA,2020-12-12,NA,NA,NA,NA,NA,NA,NA,NA,NA,NA,NA,NA,NA,NA,NA,NA,2021-01-08,NA,NA,NA,NA,滋賀県
JP-25,SHIGA,2020-12-13,NA,NA,NA,NA,NA,NA,NA,NA,NA,NA,NA,NA,NA,NA,NA,NA,2021-01-08,NA,NA,FALSE,NA,滋賀県
JP-25,SHIGA,2020-12-14,NA,NA,NA,NA,NA,NA,NA,NA,NA,NA,NA,NA,NA,NA,NA,NA,2021-01-08,NA,NA,FALSE,NA,滋賀県
JP-25,SHIGA,2020-12-15,NA,NA,NA,NA,NA,NA,NA,NA,NA,NA,NA,NA,NA,NA,NA,NA,2021-01-08,NA,NA,FALSE,NA,滋賀県
JP-25,SHIGA,2020-12-16,NA,NA,NA,NA,NA,NA,NA,NA,NA,NA,NA,NA,NA,NA,NA,NA,2021-01-08,NA,NA,FALSE,NA,滋賀県
JP-25,SHIGA,2020-12-17,NA,NA,NA,NA,NA,NA,NA,NA,NA,NA,NA,NA,NA,NA,NA,NA,2021-01-08,NA,NA,FALSE,NA,滋賀県
JP-25,SHIGA,2020-12-18,NA,NA,NA,NA,NA,NA,NA,NA,NA,NA,NA,NA,NA,NA,NA,NA,2021-01-08,NA,NA,FALSE,NA,滋賀県
JP-25,SHIGA,2020-12-19,NA,NA,NA,NA,NA,NA,NA,NA,NA,NA,NA,NA,NA,NA,NA,NA,2021-01-08,NA,NA,FALSE,NA,滋賀県
JP-25,SHIGA,2020-12-20,NA,NA,NA,NA,NA,NA,NA,NA,NA,NA,NA,NA,NA,NA,NA,NA,2021-01-08,NA,NA,FALSE,NA,滋賀県
JP-25,SHIGA,2020-12-21,NA,NA,NA,NA,NA,NA,NA,NA,NA,NA,NA,NA,NA,NA,NA,NA,2021-01-08,NA,NA,FALSE,NA,滋賀県
JP-25,SHIGA,2020-12-22,NA,NA,NA,NA,NA,NA,NA,NA,NA,NA,NA,NA,NA,NA,NA,NA,2021-01-08,NA,NA,FALSE,NA,滋賀県
JP-25,SHIGA,2020-12-23,NA,NA,NA,NA,NA,NA,NA,NA,NA,NA,NA,NA,NA,NA,NA,NA,2021-01-08,NA,NA,FALSE,NA,滋賀県
JP-25,SHIGA,2020-12-24,NA,NA,NA,NA,NA,NA,NA,NA,NA,NA,NA,NA,NA,NA,NA,NA,2021-01-08,NA,NA,FALSE,NA,滋賀県
JP-25,SHIGA,2020-12-25,NA,NA,NA,NA,NA,NA,NA,NA,NA,NA,NA,NA,NA,NA,NA,NA,2021-01-08,NA,NA,FALSE,NA,滋賀県
JP-25,SHIGA,2020-12-26,NA,NA,NA,NA,NA,NA,NA,NA,NA,NA,NA,NA,NA,NA,NA,NA,2021-01-08,NA,NA,FALSE,NA,滋賀県
JP-25,SHIGA,2020-12-27,NA,NA,NA,NA,NA,NA,NA,NA,NA,NA,NA,NA,NA,NA,NA,NA,2021-01-08,NA,NA,FALSE,NA,滋賀県
JP-25,SHIGA,2020-12-28,NA,NA,NA,NA,NA,NA,NA,NA,NA,NA,NA,NA,NA,NA,NA,NA,2021-01-08,NA,NA,FALSE,NA,滋賀県
JP-25,SHIGA,2020-12-29,NA,NA,NA,NA,NA,NA,NA,NA,NA,NA,NA,NA,NA,NA,NA,NA,2021-01-08,NA,NA,FALSE,NA,滋賀県
JP-25,SHIGA,2020-12-30,NA,NA,NA,NA,NA,NA,NA,NA,NA,NA,NA,NA,NA,NA,NA,NA,2021-01-08,NA,NA,FALSE,NA,滋賀県
JP-25,SHIGA,2020-12-31,NA,NA,NA,NA,NA,NA,NA,NA,NA,NA,NA,NA,NA,NA,NA,NA,2021-01-08,NA,NA,FALSE,NA,滋賀県
JP-25,SHIGA,2021-01-01,NA,NA,NA,NA,NA,NA,NA,NA,NA,NA,NA,NA,NA,NA,NA,NA,2021-01-08,NA,NA,TRUE,NA,滋賀県
JP-25,SHIGA,2021-01-02,NA,NA,NA,NA,NA,NA,NA,NA,NA,NA,NA,NA,NA,NA,NA,NA,2021-01-08,NA,NA,FALSE,NA,滋賀県
JP-25,SHIGA,2021-01-03,NA,NA,NA,NA,NA,NA,NA,NA,NA,NA,NA,NA,NA,NA,NA,NA,2021-01-08,NA,NA,TRUE,NA,滋賀県
JP-25,SHIGA,2021-01-04,NA,NA,NA,NA,NA,NA,NA,NA,NA,NA,NA,NA,NA,NA,NA,NA,2021-01-08,NA,NA,FALSE,NA,滋賀県
JP-25,SHIGA,2021-01-05,NA,NA,NA,NA,NA,NA,NA,NA,NA,NA,NA,NA,NA,NA,NA,NA,2021-01-08,NA,NA,FALSE,NA,滋賀県
JP-25,SHIGA,2021-01-06,NA,NA,NA,NA,NA,NA,NA,NA,NA,NA,NA,NA,NA,NA,NA,NA,2021-01-08,NA,NA,TRUE,NA,滋賀県
JP-25,SHIGA,2021-01-07,NA,NA,NA,NA,NA,NA,NA,NA,NA,NA,NA,NA,NA,NA,NA,NA,2021-01-08,NA,NA,FALSE,NA,滋賀県
JP-25,SHIGA,2021-01-08,NA,NA,NA,NA,NA,NA,NA,NA,NA,NA,NA,NA,NA,NA,NA,NA,2021-01-08,NA,NA,TRUE,NA,滋賀県
JP-26,KYOTO,2020-12-12,NA,NA,NA,NA,NA,NA,NA,NA,NA,NA,NA,NA,NA,NA,NA,NA,2021-01-08,NA,NA,NA,NA,京都府
JP-26,KYOTO,2020-12-13,NA,NA,NA,NA,NA,NA,NA,NA,NA,NA,NA,NA,NA,NA,NA,NA,2021-01-08,NA,NA,FALSE,FALSE,京都府
JP-26,KYOTO,2020-12-14,NA,NA,NA,NA,NA,NA,NA,NA,NA,NA,NA,NA,NA,NA,NA,NA,2021-01-08,NA,NA,NA,NA,京都府
JP-26,KYOTO,2020-12-15,NA,NA,NA,NA,NA,NA,NA,NA,NA,NA,NA,NA,NA,NA,NA,NA,2021-01-08,NA,NA,FALSE,NA,京都府
JP-26,KYOTO,2020-12-16,NA,NA,NA,NA,NA,NA,NA,NA,NA,NA,NA,NA,NA,NA,NA,NA,2021-01-08,NA,NA,TRUE,NA,京都府
JP-26,KYOTO,2020-12-17,NA,NA,NA,NA,NA,NA,NA,NA,NA,NA,NA,NA,NA,NA,NA,NA,2021-01-08,NA,NA,FALSE,NA,京都府
JP-26,KYOTO,2020-12-18,NA,NA,NA,NA,NA,NA,NA,NA,NA,NA,NA,NA,NA,NA,NA,NA,2021-01-08,NA,NA,FALSE,NA,京都府
JP-26,KYOTO,2020-12-19,NA,NA,NA,NA,NA,NA,NA,NA,NA,NA,NA,NA,NA,NA,NA,NA,2021-01-08,NA,NA,FALSE,FALSE,京都府
JP-26,KYOTO,2020-12-20,NA,NA,NA,NA,NA,NA,NA,NA,NA,NA,NA,NA,NA,NA,NA,NA,2021-01-08,NA,NA,FALSE,FALSE,京都府
JP-26,KYOTO,2020-12-21,NA,NA,NA,NA,NA,NA,NA,NA,NA,NA,NA,NA,NA,NA,NA,NA,2021-01-08,NA,NA,FALSE,NA,京都府
JP-26,KYOTO,2020-12-22,NA,NA,NA,NA,NA,NA,NA,NA,NA,NA,NA,NA,NA,NA,NA,NA,2021-01-08,NA,NA,TRUE,NA,京都府
JP-26,KYOTO,2020-12-23,NA,NA,NA,NA,NA,NA,NA,NA,NA,NA,NA,NA,NA,NA,NA,NA,2021-01-08,NA,NA,FALSE,NA,京都府
JP-26,KYOTO,2020-12-24,NA,NA,NA,NA,NA,NA,NA,NA,NA,NA,NA,NA,NA,NA,NA,NA,2021-01-08,NA,NA,FALSE,NA,京都府
JP-26,KYOTO,2020-12-25,NA,NA,NA,NA,NA,NA,NA,NA,NA,NA,NA,NA,NA,NA,NA,NA,2021-01-08,NA,NA,TRUE,NA,京都府
JP-26,KYOTO,2020-12-26,NA,NA,NA,NA,NA,NA,NA,NA,NA,NA,NA,NA,NA,NA,NA,NA,2021-01-08,NA,NA,FALSE,FALSE,京都府
JP-26,KYOTO,2020-12-27,NA,NA,NA,NA,NA,NA,NA,NA,NA,NA,NA,NA,NA,NA,NA,NA,2021-01-08,NA,NA,FALSE,FALSE,京都府
JP-26,KYOTO,2020-12-28,NA,NA,NA,NA,NA,NA,NA,NA,NA,NA,NA,NA,NA,NA,NA,NA,2021-01-08,NA,NA,NA,NA,京都府
JP-26,KYOTO,2020-12-29,NA,NA,NA,NA,NA,NA,NA,NA,NA,NA,NA,NA,NA,NA,NA,NA,2021-01-08,NA,NA,FALSE,FALSE,京都府
JP-26,KYOTO,2020-12-30,NA,NA,NA,NA,NA,NA,NA,NA,NA,NA,NA,NA,NA,NA,NA,NA,2021-01-08,NA,NA,FALSE,FALSE,京都府
JP-26,KYOTO,2020-12-31,NA,NA,NA,NA,NA,NA,NA,NA,NA,NA,NA,NA,NA,NA,NA,NA,2021-01-08,NA,NA,FALSE,FALSE,京都府
JP-26,KYOTO,2021-01-01,NA,NA,NA,NA,NA,NA,NA,NA,NA,NA,NA,NA,NA,NA,NA,NA,2021-01-08,NA,NA,NA,NA,京都府
JP-26,KYOTO,2021-01-02,NA,NA,NA,NA,NA,NA,NA,NA,NA,NA,NA,NA,NA,NA,NA,NA,2021-01-08,NA,NA,FALSE,FALSE,京都府
JP-26,KYOTO,2021-01-03,NA,NA,NA,NA,NA,NA,NA,NA,NA,NA,NA,NA,NA,NA,NA,NA,2021-01-08,NA,NA,FALSE,FALSE,京都府
JP-26,KYOTO,2021-01-04,NA,NA,NA,NA,NA,NA,NA,NA,NA,NA,NA,NA,NA,NA,NA,NA,2021-01-08,NA,NA,NA,NA,京都府
JP-26,KYOTO,2021-01-05,NA,NA,NA,NA,NA,NA,NA,NA,NA,NA,NA,NA,NA,NA,NA,NA,2021-01-08,NA,NA,NA,NA,京都府
JP-26,KYOTO,2021-01-06,NA,NA,NA,NA,NA,NA,NA,NA,NA,NA,NA,NA,NA,NA,NA,NA,2021-01-08,NA,NA,NA,NA,京都府
JP-26,KYOTO,2021-01-07,NA,NA,NA,NA,NA,NA,NA,NA,NA,NA,NA,NA,NA,NA,NA,NA,2021-01-08,NA,NA,NA,NA,京都府
JP-26,KYOTO,2021-01-08,NA,NA,NA,NA,NA,NA,NA,NA,NA,NA,NA,NA,NA,NA,NA,NA,2021-01-08,NA,NA,NA,NA,京都府
JP-27,OSAKA,2020-12-12,NA,NA,NA,NA,NA,NA,NA,NA,NA,NA,NA,NA,NA,NA,NA,NA,2021-01-08,NA,NA,NA,NA,大阪府
JP-27,OSAKA,2020-12-13,NA,NA,NA,NA,NA,NA,NA,NA,NA,NA,NA,NA,NA,NA,NA,NA,2021-01-08,NA,NA,NA,NA,大阪府
JP-27,OSAKA,2020-12-14,NA,NA,NA,NA,NA,NA,NA,NA,NA,NA,NA,NA,NA,NA,NA,NA,2021-01-08,NA,NA,NA,NA,大阪府
JP-27,OSAKA,2020-12-15,NA,NA,NA,NA,NA,NA,NA,NA,NA,NA,NA,NA,NA,NA,NA,NA,2021-01-08,NA,NA,NA,NA,大阪府
JP-27,OSAKA,2020-12-16,NA,NA,NA,NA,NA,NA,NA,NA,NA,NA,NA,NA,NA,NA,NA,NA,2021-01-08,NA,NA,NA,NA,大阪府
JP-27,OSAKA,2020-12-17,NA,NA,NA,NA,NA,NA,NA,NA,NA,NA,NA,NA,NA,NA,NA,NA,2021-01-08,NA,NA,NA,NA,大阪府
JP-27,OSAKA,2020-12-18,NA,NA,NA,NA,NA,NA,NA,NA,NA,NA,NA,NA,NA,NA,NA,NA,2021-01-08,NA,NA,NA,NA,大阪府
JP-27,OSAKA,2020-12-19,NA,NA,NA,NA,NA,NA,NA,NA,NA,NA,NA,NA,NA,NA,NA,NA,2021-01-08,NA,NA,NA,NA,大阪府
JP-27,OSAKA,2020-12-20,NA,NA,NA,NA,NA,NA,NA,NA,NA,NA,NA,NA,NA,NA,NA,NA,2021-01-08,NA,NA,NA,NA,大阪府
JP-27,OSAKA,2020-12-21,NA,NA,NA,NA,NA,NA,NA,NA,NA,NA,NA,NA,NA,NA,NA,NA,2021-01-08,NA,NA,NA,NA,大阪府
JP-27,OSAKA,2020-12-22,NA,NA,NA,NA,NA,NA,NA,NA,NA,NA,NA,NA,NA,NA,NA,NA,2021-01-08,NA,NA,NA,NA,大阪府
JP-27,OSAKA,2020-12-23,NA,NA,NA,NA,NA,NA,NA,NA,NA,NA,NA,NA,NA,NA,NA,NA,2021-01-08,NA,NA,NA,NA,大阪府
JP-27,OSAKA,2020-12-24,NA,NA,NA,NA,NA,NA,NA,NA,NA,NA,NA,NA,NA,NA,NA,NA,2021-01-08,NA,NA,NA,NA,大阪府
JP-27,OSAKA,2020-12-25,NA,NA,NA,NA,NA,NA,NA,NA,NA,NA,NA,NA,NA,NA,NA,NA,2021-01-08,NA,NA,NA,NA,大阪府
JP-27,OSAKA,2020-12-26,NA,NA,NA,NA,NA,NA,NA,NA,NA,NA,NA,NA,NA,NA,NA,NA,2021-01-08,NA,NA,NA,NA,大阪府
JP-27,OSAKA,2020-12-27,NA,NA,NA,NA,NA,NA,NA,NA,NA,NA,NA,NA,NA,NA,NA,NA,2021-01-08,NA,NA,NA,NA,大阪府
JP-27,OSAKA,2020-12-28,NA,NA,NA,NA,NA,NA,NA,NA,NA,NA,NA,NA,NA,NA,NA,NA,2021-01-08,NA,NA,NA,NA,大阪府
JP-27,OSAKA,2020-12-29,NA,NA,NA,NA,NA,NA,NA,NA,NA,NA,NA,NA,NA,NA,NA,NA,2021-01-08,NA,NA,NA,NA,大阪府
JP-27,OSAKA,2020-12-30,NA,NA,NA,NA,NA,NA,NA,NA,NA,NA,NA,NA,NA,NA,NA,NA,2021-01-08,NA,NA,NA,NA,大阪府
JP-27,OSAKA,2020-12-31,NA,NA,NA,NA,NA,NA,NA,NA,NA,NA,NA,NA,NA,NA,NA,NA,2021-01-08,NA,NA,NA,NA,大阪府
JP-27,OSAKA,2021-01-01,NA,NA,NA,NA,NA,NA,NA,NA,NA,NA,NA,NA,NA,NA,NA,NA,2021-01-08,NA,NA,NA,NA,大阪府
JP-27,OSAKA,2021-01-02,NA,NA,NA,NA,NA,NA,NA,NA,NA,NA,NA,NA,NA,NA,NA,NA,2021-01-08,NA,NA,NA,NA,大阪府
JP-27,OSAKA,2021-01-03,NA,NA,NA,NA,NA,NA,NA,NA,NA,NA,NA,NA,NA,NA,NA,NA,2021-01-08,NA,NA,NA,NA,大阪府
JP-27,OSAKA,2021-01-04,NA,NA,NA,NA,NA,NA,NA,NA,NA,NA,NA,NA,NA,NA,NA,NA,2021-01-08,NA,NA,NA,NA,大阪府
JP-27,OSAKA,2021-01-05,NA,NA,NA,NA,NA,NA,NA,NA,NA,NA,NA,NA,NA,NA,NA,NA,2021-01-08,NA,NA,NA,NA,大阪府
JP-27,OSAKA,2021-01-06,NA,NA,NA,NA,NA,NA,NA,NA,NA,NA,NA,NA,NA,NA,NA,NA,2021-01-08,NA,NA,NA,NA,大阪府
JP-27,OSAKA,2021-01-07,NA,NA,NA,NA,NA,NA,NA,NA,NA,NA,NA,NA,NA,NA,NA,NA,2021-01-08,NA,NA,NA,NA,大阪府
JP-27,OSAKA,2021-01-08,NA,NA,NA,NA,NA,NA,NA,NA,NA,NA,NA,NA,NA,NA,NA,NA,2021-01-08,NA,NA,NA,NA,大阪府
JP-28,HYOGO,2020-12-12,NA,NA,NA,NA,NA,NA,NA,NA,NA,NA,NA,NA,NA,NA,NA,NA,2021-01-08,NA,NA,NA,NA,兵庫県
JP-28,HYOGO,2020-12-13,NA,NA,NA,NA,NA,NA,NA,NA,NA,NA,NA,NA,NA,NA,NA,NA,2021-01-08,NA,NA,TRUE,NA,兵庫県
JP-28,HYOGO,2020-12-14,NA,NA,NA,NA,NA,NA,NA,NA,NA,NA,NA,NA,NA,NA,NA,NA,2021-01-08,NA,NA,FALSE,NA,兵庫県
JP-28,HYOGO,2020-12-15,NA,NA,NA,NA,NA,NA,NA,NA,NA,NA,NA,NA,NA,NA,NA,NA,2021-01-08,NA,NA,NA,NA,兵庫県
JP-28,HYOGO,2020-12-16,NA,NA,NA,NA,NA,NA,NA,NA,NA,NA,NA,NA,NA,NA,NA,NA,2021-01-08,NA,NA,NA,NA,兵庫県
JP-28,HYOGO,2020-12-17,NA,NA,NA,NA,NA,NA,NA,NA,NA,NA,NA,NA,NA,NA,NA,NA,2021-01-08,NA,NA,NA,NA,兵庫県
JP-28,HYOGO,2020-12-18,NA,NA,NA,NA,NA,NA,NA,NA,NA,NA,NA,NA,NA,NA,NA,NA,2021-01-08,NA,NA,NA,NA,兵庫県
JP-28,HYOGO,2020-12-19,NA,NA,NA,NA,NA,NA,NA,NA,NA,NA,NA,NA,NA,NA,NA,NA,2021-01-08,NA,NA,FALSE,NA,兵庫県
JP-28,HYOGO,2020-12-20,NA,NA,NA,NA,NA,NA,NA,NA,NA,NA,NA,NA,NA,NA,NA,NA,2021-01-08,NA,NA,NA,NA,兵庫県
JP-28,HYOGO,2020-12-21,NA,NA,NA,NA,NA,NA,NA,NA,NA,NA,NA,NA,NA,NA,NA,NA,2021-01-08,NA,NA,NA,NA,兵庫県
JP-28,HYOGO,2020-12-22,NA,NA,NA,NA,NA,NA,NA,NA,NA,NA,NA,NA,NA,NA,NA,NA,2021-01-08,NA,NA,NA,NA,兵庫県
JP-28,HYOGO,2020-12-23,NA,NA,NA,NA,NA,NA,NA,NA,NA,NA,NA,NA,NA,NA,NA,NA,2021-01-08,NA,NA,NA,NA,兵庫県
JP-28,HYOGO,2020-12-24,NA,NA,NA,NA,NA,NA,NA,NA,NA,NA,NA,NA,NA,NA,NA,NA,2021-01-08,NA,NA,NA,NA,兵庫県
JP-28,HYOGO,2020-12-25,NA,NA,NA,NA,NA,NA,NA,NA,NA,NA,NA,NA,NA,NA,NA,NA,2021-01-08,NA,NA,NA,NA,兵庫県
JP-28,HYOGO,2020-12-26,NA,NA,NA,NA,NA,NA,NA,NA,NA,NA,NA,NA,NA,NA,NA,NA,2021-01-08,NA,NA,NA,NA,兵庫県
JP-28,HYOGO,2020-12-27,NA,NA,NA,NA,NA,NA,NA,NA,NA,NA,NA,NA,NA,NA,NA,NA,2021-01-08,NA,NA,NA,NA,兵庫県
JP-28,HYOGO,2020-12-28,NA,NA,NA,NA,NA,NA,NA,NA,NA,NA,NA,NA,NA,NA,NA,NA,2021-01-08,NA,NA,NA,NA,兵庫県
JP-28,HYOGO,2020-12-29,NA,NA,NA,NA,NA,NA,NA,NA,NA,NA,NA,NA,NA,NA,NA,NA,2021-01-08,NA,NA,NA,NA,兵庫県
JP-28,HYOGO,2020-12-30,NA,NA,NA,NA,NA,NA,NA,NA,NA,NA,NA,NA,NA,NA,NA,NA,2021-01-08,NA,NA,NA,NA,兵庫県
JP-28,HYOGO,2020-12-31,NA,NA,NA,NA,NA,NA,NA,NA,NA,NA,NA,NA,NA,NA,NA,NA,2021-01-08,NA,NA,NA,NA,兵庫県
JP-28,HYOGO,2021-01-01,NA,NA,NA,NA,NA,NA,NA,NA,NA,NA,NA,NA,NA,NA,NA,NA,2021-01-08,NA,NA,NA,NA,兵庫県
JP-28,HYOGO,2021-01-02,NA,NA,NA,NA,NA,NA,NA,NA,NA,NA,NA,NA,NA,NA,NA,NA,2021-01-08,NA,NA,TRUE,NA,兵庫県
JP-28,HYOGO,2021-01-03,NA,NA,NA,NA,NA,NA,NA,NA,NA,NA,NA,NA,NA,NA,NA,NA,2021-01-08,NA,NA,NA,NA,兵庫県
JP-28,HYOGO,2021-01-04,NA,NA,NA,NA,NA,NA,NA,NA,NA,NA,NA,NA,NA,NA,NA,NA,2021-01-08,NA,NA,NA,NA,兵庫県
JP-28,HYOGO,2021-01-05,NA,NA,NA,NA,NA,NA,NA,NA,NA,NA,NA,NA,NA,NA,NA,NA,2021-01-08,NA,NA,NA,NA,兵庫県
JP-28,HYOGO,2021-01-06,NA,NA,NA,NA,NA,NA,NA,NA,NA,NA,NA,NA,NA,NA,NA,NA,2021-01-08,NA,NA,NA,NA,兵庫県
JP-28,HYOGO,2021-01-07,NA,NA,NA,NA,NA,NA,NA,NA,NA,NA,NA,NA,NA,NA,NA,NA,2021-01-08,NA,NA,NA,NA,兵庫県
JP-28,HYOGO,2021-01-08,NA,NA,NA,NA,NA,NA,NA,NA,NA,NA,NA,NA,NA,NA,NA,NA,2021-01-08,NA,NA,NA,NA,兵庫県
JP-29,NARA,2020-12-12,NA,NA,NA,NA,NA,NA,NA,NA,NA,NA,NA,NA,NA,NA,NA,NA,2021-01-08,NA,NA,NA,NA,奈良県
JP-29,NARA,2020-12-13,NA,NA,NA,NA,NA,NA,NA,NA,NA,NA,NA,NA,NA,NA,NA,NA,2021-01-08,NA,NA,TRUE,NA,奈良県
JP-29,NARA,2020-12-14,NA,NA,NA,NA,NA,NA,NA,NA,NA,NA,NA,NA,NA,NA,NA,NA,2021-01-08,NA,NA,FALSE,NA,奈良県
JP-29,NARA,2020-12-15,NA,NA,NA,NA,NA,NA,NA,NA,NA,NA,NA,NA,NA,NA,NA,NA,2021-01-08,NA,NA,FALSE,NA,奈良県
JP-29,NARA,2020-12-16,NA,NA,NA,NA,NA,NA,NA,NA,NA,NA,NA,NA,NA,NA,NA,NA,2021-01-08,NA,NA,FALSE,NA,奈良県
JP-29,NARA,2020-12-17,NA,NA,NA,NA,NA,NA,NA,NA,NA,NA,NA,NA,NA,NA,NA,NA,2021-01-08,NA,NA,FALSE,NA,奈良県
JP-29,NARA,2020-12-18,NA,NA,NA,NA,NA,NA,NA,NA,NA,NA,NA,NA,NA,NA,NA,NA,2021-01-08,NA,NA,FALSE,NA,奈良県
JP-29,NARA,2020-12-19,NA,NA,NA,NA,NA,NA,NA,NA,NA,NA,NA,NA,NA,NA,NA,NA,2021-01-08,NA,NA,TRUE,NA,奈良県
JP-29,NARA,2020-12-20,NA,NA,NA,NA,NA,NA,NA,NA,NA,NA,NA,NA,NA,NA,NA,NA,2021-01-08,NA,NA,NA,NA,奈良県
JP-29,NARA,2020-12-21,NA,NA,NA,NA,NA,NA,NA,NA,NA,NA,NA,NA,NA,NA,NA,NA,2021-01-08,NA,NA,FALSE,NA,奈良県
JP-29,NARA,2020-12-22,NA,NA,NA,NA,NA,NA,NA,NA,NA,NA,NA,NA,NA,NA,NA,NA,2021-01-08,NA,NA,FALSE,NA,奈良県
JP-29,NARA,2020-12-23,NA,NA,NA,NA,NA,NA,NA,NA,NA,NA,NA,NA,NA,NA,NA,NA,2021-01-08,NA,NA,FALSE,NA,奈良県
JP-29,NARA,2020-12-24,NA,NA,NA,NA,NA,NA,NA,NA,NA,NA,NA,NA,NA,NA,NA,NA,2021-01-08,NA,NA,FALSE,NA,奈良県
JP-29,NARA,2020-12-25,NA,NA,NA,NA,NA,NA,NA,NA,NA,NA,NA,NA,NA,NA,NA,NA,2021-01-08,NA,NA,TRUE,NA,奈良県
JP-29,NARA,2020-12-26,NA,NA,NA,NA,NA,NA,NA,NA,NA,NA,NA,NA,NA,NA,NA,NA,2021-01-08,NA,NA,FALSE,NA,奈良県
JP-29,NARA,2020-12-27,NA,NA,NA,NA,NA,NA,NA,NA,NA,NA,NA,NA,NA,NA,NA,NA,2021-01-08,NA,NA,TRUE,NA,奈良県
JP-29,NARA,2020-12-28,NA,NA,NA,NA,NA,NA,NA,NA,NA,NA,NA,NA,NA,NA,NA,NA,2021-01-08,NA,NA,FALSE,NA,奈良県
JP-29,NARA,2020-12-29,NA,NA,NA,NA,NA,NA,NA,NA,NA,NA,NA,NA,NA,NA,NA,NA,2021-01-08,NA,NA,FALSE,NA,奈良県
JP-29,NARA,2020-12-30,NA,NA,NA,NA,NA,NA,NA,NA,NA,NA,NA,NA,NA,NA,NA,NA,2021-01-08,NA,NA,NA,NA,奈良県
JP-29,NARA,2020-12-31,NA,NA,NA,NA,NA,NA,NA,NA,NA,NA,NA,NA,NA,NA,NA,NA,2021-01-08,NA,NA,FALSE,NA,奈良県
JP-29,NARA,2021-01-01,NA,NA,NA,NA,NA,NA,NA,NA,NA,NA,NA,NA,NA,NA,NA,NA,2021-01-08,NA,NA,FALSE,NA,奈良県
JP-29,NARA,2021-01-02,NA,NA,NA,NA,NA,NA,NA,NA,NA,NA,NA,NA,NA,NA,NA,NA,2021-01-08,NA,NA,FALSE,NA,奈良県
JP-29,NARA,2021-01-03,NA,NA,NA,NA,NA,NA,NA,NA,NA,NA,NA,NA,NA,NA,NA,NA,2021-01-08,NA,NA,TRUE,NA,奈良県
JP-29,NARA,2021-01-04,NA,NA,NA,NA,NA,NA,NA,NA,NA,NA,NA,NA,NA,NA,NA,NA,2021-01-08,NA,NA,FALSE,NA,奈良県
JP-29,NARA,2021-01-05,NA,NA,NA,NA,NA,NA,NA,NA,NA,NA,NA,NA,NA,NA,NA,NA,2021-01-08,NA,NA,TRUE,NA,奈良県
JP-29,NARA,2021-01-06,NA,NA,NA,NA,NA,NA,NA,NA,NA,NA,NA,NA,NA,NA,NA,NA,2021-01-08,NA,NA,FALSE,NA,奈良県
JP-29,NARA,2021-01-07,NA,NA,NA,NA,NA,NA,NA,NA,NA,NA,NA,NA,NA,NA,NA,NA,2021-01-08,NA,NA,FALSE,NA,奈良県
JP-29,NARA,2021-01-08,NA,NA,NA,NA,NA,NA,NA,NA,NA,NA,NA,NA,NA,NA,NA,NA,2021-01-08,NA,NA,FALSE,NA,奈良県
JP-30,WAKAYAMA,2020-12-12,NA,NA,NA,NA,NA,NA,NA,NA,NA,NA,NA,NA,NA,NA,NA,NA,2021-01-08,NA,NA,NA,NA,和歌山県
JP-30,WAKAYAMA,2020-12-13,NA,NA,NA,NA,NA,NA,NA,NA,NA,NA,NA,NA,NA,NA,NA,NA,2021-01-08,NA,NA,FALSE,NA,和歌山県
JP-30,WAKAYAMA,2020-12-14,NA,NA,NA,NA,NA,NA,NA,NA,NA,NA,NA,NA,NA,NA,NA,NA,2021-01-08,NA,NA,FALSE,NA,和歌山県
JP-30,WAKAYAMA,2020-12-15,NA,NA,NA,NA,NA,NA,NA,NA,NA,NA,NA,NA,NA,NA,NA,NA,2021-01-08,NA,NA,FALSE,NA,和歌山県
JP-30,WAKAYAMA,2020-12-16,NA,NA,NA,NA,NA,NA,NA,NA,NA,NA,NA,NA,NA,NA,NA,NA,2021-01-08,NA,NA,FALSE,NA,和歌山県
JP-30,WAKAYAMA,2020-12-17,NA,NA,NA,NA,NA,NA,NA,NA,NA,NA,NA,NA,NA,NA,NA,NA,2021-01-08,NA,NA,FALSE,NA,和歌山県
JP-30,WAKAYAMA,2020-12-18,NA,NA,NA,NA,NA,NA,NA,NA,NA,NA,NA,NA,NA,NA,NA,NA,2021-01-08,NA,NA,FALSE,NA,和歌山県
JP-30,WAKAYAMA,2020-12-19,NA,NA,NA,NA,NA,NA,NA,NA,NA,NA,NA,NA,NA,NA,NA,NA,2021-01-08,NA,NA,FALSE,TRUE,和歌山県
JP-30,WAKAYAMA,2020-12-20,NA,NA,NA,NA,NA,NA,NA,NA,NA,NA,NA,NA,NA,NA,NA,NA,2021-01-08,NA,NA,FALSE,NA,和歌山県
JP-30,WAKAYAMA,2020-12-21,NA,NA,NA,NA,NA,NA,NA,NA,NA,NA,NA,NA,NA,NA,NA,NA,2021-01-08,NA,NA,FALSE,NA,和歌山県
JP-30,WAKAYAMA,2020-12-22,NA,NA,NA,NA,NA,NA,NA,NA,NA,NA,NA,NA,NA,NA,NA,NA,2021-01-08,NA,NA,FALSE,NA,和歌山県
JP-30,WAKAYAMA,2020-12-23,NA,NA,NA,NA,NA,NA,NA,NA,NA,NA,NA,NA,NA,NA,NA,NA,2021-01-08,NA,NA,FALSE,NA,和歌山県
JP-30,WAKAYAMA,2020-12-24,NA,NA,NA,NA,NA,NA,NA,NA,NA,NA,NA,NA,NA,NA,NA,NA,2021-01-08,NA,NA,FALSE,FALSE,和歌山県
JP-30,WAKAYAMA,2020-12-25,NA,NA,NA,NA,NA,NA,NA,NA,NA,NA,NA,NA,NA,NA,NA,NA,2021-01-08,NA,NA,FALSE,TRUE,和歌山県
JP-30,WAKAYAMA,2020-12-26,NA,NA,NA,NA,NA,NA,NA,NA,NA,NA,NA,NA,NA,NA,NA,NA,2021-01-08,NA,NA,FALSE,NA,和歌山県
JP-30,WAKAYAMA,2020-12-27,NA,NA,NA,NA,NA,NA,NA,NA,NA,NA,NA,NA,NA,NA,NA,NA,2021-01-08,NA,NA,FALSE,FALSE,和歌山県
JP-30,WAKAYAMA,2020-12-28,NA,NA,NA,NA,NA,NA,NA,NA,NA,NA,NA,NA,NA,NA,NA,NA,2021-01-08,NA,NA,FALSE,NA,和歌山県
JP-30,WAKAYAMA,2020-12-29,NA,NA,NA,NA,NA,NA,NA,NA,NA,NA,NA,NA,NA,NA,NA,NA,2021-01-08,NA,NA,FALSE,NA,和歌山県
JP-30,WAKAYAMA,2020-12-30,NA,NA,NA,NA,NA,NA,NA,NA,NA,NA,NA,NA,NA,NA,NA,NA,2021-01-08,NA,NA,FALSE,NA,和歌山県
JP-30,WAKAYAMA,2020-12-31,NA,NA,NA,NA,NA,NA,NA,NA,NA,NA,NA,NA,NA,NA,NA,NA,2021-01-08,NA,NA,FALSE,NA,和歌山県
JP-30,WAKAYAMA,2021-01-01,NA,NA,NA,NA,NA,NA,NA,NA,NA,NA,NA,NA,NA,NA,NA,NA,2021-01-08,NA,NA,FALSE,NA,和歌山県
JP-30,WAKAYAMA,2021-01-02,NA,NA,NA,NA,NA,NA,NA,NA,NA,NA,NA,NA,NA,NA,NA,NA,2021-01-08,NA,NA,FALSE,NA,和歌山県
JP-30,WAKAYAMA,2021-01-03,NA,NA,NA,NA,NA,NA,NA,NA,NA,NA,NA,NA,NA,NA,NA,NA,2021-01-08,NA,NA,FALSE,NA,和歌山県
JP-30,WAKAYAMA,2021-01-04,NA,NA,NA,NA,NA,NA,NA,NA,NA,NA,NA,NA,NA,NA,NA,NA,2021-01-08,NA,NA,FALSE,NA,和歌山県
JP-30,WAKAYAMA,2021-01-05,NA,NA,NA,NA,NA,NA,NA,NA,NA,NA,NA,NA,NA,NA,NA,NA,2021-01-08,NA,NA,FALSE,NA,和歌山県
JP-30,WAKAYAMA,2021-01-06,NA,NA,NA,NA,NA,NA,NA,NA,NA,NA,NA,NA,NA,NA,NA,NA,2021-01-08,NA,NA,TRUE,NA,和歌山県
JP-30,WAKAYAMA,2021-01-07,NA,NA,NA,NA,NA,NA,NA,NA,NA,NA,NA,NA,NA,NA,NA,NA,2021-01-08,NA,NA,FALSE,NA,和歌山県
JP-30,WAKAYAMA,2021-01-08,NA,NA,NA,NA,NA,NA,NA,NA,NA,NA,NA,NA,NA,NA,NA,NA,2021-01-08,NA,NA,FALSE,NA,和歌山県
JP-31,TOTTORI,2020-12-12,NA,NA,NA,NA,NA,NA,NA,NA,NA,NA,NA,NA,NA,FALSE,NA,NA,2021-01-08,NA,NA,NA,NA,鳥取県
JP-31,TOTTORI,2020-12-13,NA,NA,NA,NA,NA,NA,NA,NA,NA,NA,NA,NA,NA,FALSE,NA,NA,2021-01-08,NA,NA,FALSE,FALSE,鳥取県
JP-31,TOTTORI,2020-12-14,NA,NA,NA,NA,NA,NA,NA,NA,NA,NA,NA,NA,NA,FALSE,NA,NA,2021-01-08,NA,NA,FALSE,FALSE,鳥取県
JP-31,TOTTORI,2020-12-15,NA,NA,NA,NA,NA,NA,NA,NA,NA,NA,NA,NA,NA,FALSE,NA,NA,2021-01-08,NA,NA,FALSE,TRUE,鳥取県
JP-31,TOTTORI,2020-12-16,NA,NA,NA,NA,NA,NA,NA,NA,NA,NA,NA,NA,NA,FALSE,NA,NA,2021-01-08,NA,NA,FALSE,FALSE,鳥取県
JP-31,TOTTORI,2020-12-17,NA,NA,NA,NA,NA,NA,NA,NA,NA,NA,NA,NA,NA,FALSE,NA,NA,2021-01-08,NA,NA,FALSE,FALSE,鳥取県
JP-31,TOTTORI,2020-12-18,NA,NA,NA,NA,NA,NA,NA,NA,NA,NA,NA,NA,NA,FALSE,NA,NA,2021-01-08,NA,NA,FALSE,FALSE,鳥取県
JP-31,TOTTORI,2020-12-19,NA,NA,NA,NA,NA,NA,NA,NA,NA,NA,NA,NA,NA,FALSE,NA,NA,2021-01-08,NA,NA,FALSE,FALSE,鳥取県
JP-31,TOTTORI,2020-12-20,NA,NA,NA,NA,NA,NA,NA,NA,NA,NA,NA,NA,NA,FALSE,NA,NA,2021-01-08,NA,NA,FALSE,TRUE,鳥取県
JP-31,TOTTORI,2020-12-21,NA,NA,NA,NA,NA,NA,NA,NA,NA,NA,NA,NA,NA,FALSE,NA,NA,2021-01-08,NA,NA,FALSE,FALSE,鳥取県
JP-31,TOTTORI,2020-12-22,NA,NA,NA,NA,NA,NA,NA,NA,NA,NA,NA,NA,NA,FALSE,NA,NA,2021-01-08,NA,NA,FALSE,TRUE,鳥取県
JP-31,TOTTORI,2020-12-23,NA,NA,NA,NA,NA,NA,NA,NA,NA,NA,NA,NA,NA,FALSE,NA,NA,2021-01-08,NA,NA,FALSE,NA,鳥取県
JP-31,TOTTORI,2020-12-24,NA,NA,NA,NA,NA,NA,NA,NA,NA,NA,NA,NA,NA,FALSE,NA,NA,2021-01-08,NA,NA,FALSE,NA,鳥取県
JP-31,TOTTORI,2020-12-25,NA,NA,NA,NA,NA,NA,NA,NA,NA,NA,NA,NA,NA,FALSE,NA,NA,2021-01-08,NA,NA,FALSE,FALSE,鳥取県
JP-31,TOTTORI,2020-12-26,NA,NA,NA,NA,NA,NA,NA,NA,NA,NA,NA,NA,NA,FALSE,NA,NA,2021-01-08,NA,NA,FALSE,NA,鳥取県
JP-31,TOTTORI,2020-12-27,NA,NA,NA,NA,NA,NA,NA,NA,NA,NA,NA,NA,NA,FALSE,NA,NA,2021-01-08,NA,NA,FALSE,NA,鳥取県
JP-31,TOTTORI,2020-12-28,NA,NA,NA,NA,NA,NA,NA,NA,NA,NA,NA,NA,NA,FALSE,NA,NA,2021-01-08,NA,NA,FALSE,NA,鳥取県
JP-31,TOTTORI,2020-12-29,NA,NA,NA,NA,NA,NA,NA,NA,NA,NA,NA,NA,NA,FALSE,NA,NA,2021-01-08,NA,NA,FALSE,NA,鳥取県
JP-31,TOTTORI,2020-12-30,NA,NA,NA,NA,NA,NA,NA,NA,NA,NA,NA,NA,NA,FALSE,NA,NA,2021-01-08,NA,NA,FALSE,NA,鳥取県
JP-31,TOTTORI,2020-12-31,NA,NA,NA,NA,NA,NA,NA,NA,NA,NA,NA,NA,NA,FALSE,NA,NA,2021-01-08,NA,NA,FALSE,NA,鳥取県
JP-31,TOTTORI,2021-01-01,NA,NA,NA,NA,NA,NA,NA,NA,NA,NA,NA,NA,NA,FALSE,NA,NA,2021-01-08,NA,NA,FALSE,TRUE,鳥取県
JP-31,TOTTORI,2021-01-02,NA,NA,NA,NA,NA,NA,NA,NA,NA,NA,NA,NA,NA,FALSE,NA,NA,2021-01-08,NA,NA,FALSE,TRUE,鳥取県
JP-31,TOTTORI,2021-01-03,NA,NA,NA,NA,NA,NA,NA,NA,NA,NA,NA,NA,NA,FALSE,NA,NA,2021-01-08,NA,NA,FALSE,NA,鳥取県
JP-31,TOTTORI,2021-01-04,NA,NA,NA,NA,NA,NA,NA,NA,NA,NA,NA,NA,NA,FALSE,NA,NA,2021-01-08,NA,NA,FALSE,NA,鳥取県
JP-31,TOTTORI,2021-01-05,NA,NA,NA,NA,NA,NA,NA,NA,NA,NA,NA,NA,NA,FALSE,NA,NA,2021-01-08,NA,NA,FALSE,NA,鳥取県
JP-31,TOTTORI,2021-01-06,NA,NA,NA,NA,NA,NA,NA,NA,NA,NA,NA,NA,NA,FALSE,NA,NA,2021-01-08,NA,NA,FALSE,NA,鳥取県
JP-31,TOTTORI,2021-01-07,NA,NA,NA,NA,NA,NA,NA,NA,NA,NA,NA,NA,NA,FALSE,NA,NA,2021-01-08,NA,NA,FALSE,NA,鳥取県
JP-31,TOTTORI,2021-01-08,NA,NA,NA,NA,NA,NA,NA,NA,NA,NA,NA,NA,NA,FALSE,NA,NA,2021-01-08,NA,NA,FALSE,NA,鳥取県
JP-32,SHIMANE,2020-12-12,NA,NA,NA,NA,NA,NA,NA,NA,NA,NA,NA,NA,NA,FALSE,NA,NA,2021-01-08,NA,NA,NA,NA,島根県
JP-32,SHIMANE,2020-12-13,NA,NA,NA,NA,NA,NA,NA,NA,NA,NA,NA,NA,NA,FALSE,NA,NA,2021-01-08,NA,NA,FALSE,TRUE,島根県
JP-32,SHIMANE,2020-12-14,NA,NA,NA,NA,NA,NA,NA,NA,NA,NA,NA,NA,NA,FALSE,NA,NA,2021-01-08,NA,NA,FALSE,NA,島根県
JP-32,SHIMANE,2020-12-15,NA,NA,NA,NA,NA,NA,NA,NA,NA,NA,NA,NA,NA,FALSE,NA,NA,2021-01-08,NA,NA,FALSE,FALSE,島根県
JP-32,SHIMANE,2020-12-16,NA,NA,NA,NA,NA,NA,NA,NA,NA,NA,NA,NA,NA,FALSE,NA,NA,2021-01-08,NA,NA,FALSE,NA,島根県
JP-32,SHIMANE,2020-12-17,NA,NA,NA,NA,NA,NA,NA,NA,NA,NA,NA,NA,NA,FALSE,NA,NA,2021-01-08,NA,NA,FALSE,NA,島根県
JP-32,SHIMANE,2020-12-18,NA,NA,NA,NA,NA,NA,NA,NA,NA,NA,NA,NA,NA,FALSE,NA,NA,2021-01-08,NA,NA,FALSE,NA,島根県
JP-32,SHIMANE,2020-12-19,NA,NA,NA,NA,NA,NA,NA,NA,NA,NA,NA,NA,NA,FALSE,NA,NA,2021-01-08,NA,NA,FALSE,TRUE,島根県
JP-32,SHIMANE,2020-12-20,NA,NA,NA,NA,NA,NA,NA,NA,NA,NA,NA,NA,NA,FALSE,NA,NA,2021-01-08,NA,NA,FALSE,NA,島根県
JP-32,SHIMANE,2020-12-21,NA,NA,NA,NA,NA,NA,NA,NA,NA,NA,NA,NA,NA,FALSE,NA,NA,2021-01-08,NA,NA,FALSE,FALSE,島根県
JP-32,SHIMANE,2020-12-22,NA,NA,NA,NA,NA,NA,NA,NA,NA,NA,NA,NA,NA,FALSE,NA,NA,2021-01-08,NA,NA,FALSE,FALSE,島根県
JP-32,SHIMANE,2020-12-23,NA,NA,NA,NA,NA,NA,NA,NA,NA,NA,NA,NA,NA,FALSE,NA,NA,2021-01-08,NA,NA,FALSE,NA,島根県
JP-32,SHIMANE,2020-12-24,NA,NA,NA,NA,NA,NA,NA,NA,NA,NA,NA,NA,NA,FALSE,NA,NA,2021-01-08,NA,NA,FALSE,NA,島根県
JP-32,SHIMANE,2020-12-25,NA,NA,NA,NA,NA,NA,NA,NA,NA,NA,NA,NA,NA,FALSE,NA,NA,2021-01-08,NA,NA,FALSE,TRUE,島根県
JP-32,SHIMANE,2020-12-26,NA,NA,NA,NA,NA,NA,NA,NA,NA,NA,NA,NA,NA,FALSE,NA,NA,2021-01-08,NA,NA,FALSE,NA,島根県
JP-32,SHIMANE,2020-12-27,NA,NA,NA,NA,NA,NA,NA,NA,NA,NA,NA,NA,NA,FALSE,NA,NA,2021-01-08,NA,NA,FALSE,NA,島根県
JP-32,SHIMANE,2020-12-28,NA,NA,NA,NA,NA,NA,NA,NA,NA,NA,NA,NA,NA,FALSE,NA,NA,2021-01-08,NA,NA,FALSE,NA,島根県
JP-32,SHIMANE,2020-12-29,NA,NA,NA,NA,NA,NA,NA,NA,NA,NA,NA,NA,NA,FALSE,NA,NA,2021-01-08,NA,NA,FALSE,NA,島根県
JP-32,SHIMANE,2020-12-30,NA,NA,NA,NA,NA,NA,NA,NA,NA,NA,NA,NA,NA,FALSE,NA,NA,2021-01-08,NA,NA,FALSE,FALSE,島根県
JP-32,SHIMANE,2020-12-31,NA,NA,NA,NA,NA,NA,NA,NA,NA,NA,NA,NA,NA,FALSE,NA,NA,2021-01-08,NA,NA,FALSE,NA,島根県
JP-32,SHIMANE,2021-01-01,NA,NA,NA,NA,NA,NA,NA,NA,NA,NA,NA,NA,NA,FALSE,NA,NA,2021-01-08,NA,NA,FALSE,NA,島根県
JP-32,SHIMANE,2021-01-02,NA,NA,NA,NA,NA,NA,NA,NA,NA,NA,NA,NA,NA,FALSE,NA,NA,2021-01-08,NA,NA,FALSE,NA,島根県
JP-32,SHIMANE,2021-01-03,NA,NA,NA,NA,NA,NA,NA,NA,NA,NA,NA,NA,NA,FALSE,NA,NA,2021-01-08,NA,NA,FALSE,TRUE,島根県
JP-32,SHIMANE,2021-01-04,NA,NA,NA,NA,NA,NA,NA,NA,NA,NA,NA,NA,NA,FALSE,NA,NA,2021-01-08,NA,NA,FALSE,FALSE,島根県
JP-32,SHIMANE,2021-01-05,NA,NA,NA,NA,NA,NA,NA,NA,NA,NA,NA,NA,NA,FALSE,NA,NA,2021-01-08,NA,NA,FALSE,TRUE,島根県
JP-32,SHIMANE,2021-01-06,NA,NA,NA,NA,NA,NA,NA,NA,NA,NA,NA,NA,NA,FALSE,NA,NA,2021-01-08,NA,NA,FALSE,TRUE,島根県
JP-32,SHIMANE,2021-01-07,NA,NA,NA,NA,NA,NA,NA,NA,NA,NA,NA,NA,NA,FALSE,NA,NA,2021-01-08,NA,NA,FALSE,NA,島根県
JP-32,SHIMANE,2021-01-08,NA,NA,NA,NA,NA,NA,NA,NA,NA,NA,NA,NA,NA,FALSE,NA,NA,2021-01-08,NA,NA,FALSE,NA,島根県
JP-33,OKAYAMA,2020-12-12,NA,NA,NA,NA,NA,NA,NA,NA,NA,NA,NA,NA,NA,NA,NA,NA,2021-01-08,NA,NA,NA,NA,岡山県
JP-33,OKAYAMA,2020-12-13,NA,NA,NA,NA,NA,NA,NA,NA,NA,NA,NA,NA,NA,NA,NA,NA,2021-01-08,NA,NA,FALSE,FALSE,岡山県
JP-33,OKAYAMA,2020-12-14,NA,NA,NA,NA,NA,NA,NA,NA,NA,NA,NA,NA,NA,NA,NA,NA,2021-01-08,NA,NA,FALSE,FALSE,岡山県
JP-33,OKAYAMA,2020-12-15,NA,NA,NA,NA,NA,NA,NA,NA,NA,NA,NA,NA,NA,NA,NA,NA,2021-01-08,NA,NA,FALSE,FALSE,岡山県
JP-33,OKAYAMA,2020-12-16,NA,NA,NA,NA,NA,NA,NA,NA,NA,NA,NA,NA,NA,NA,NA,NA,2021-01-08,NA,NA,FALSE,NA,岡山県
JP-33,OKAYAMA,2020-12-17,NA,NA,NA,NA,NA,NA,NA,NA,NA,NA,NA,NA,NA,NA,NA,NA,2021-01-08,NA,NA,FALSE,NA,岡山県
JP-33,OKAYAMA,2020-12-18,NA,NA,NA,NA,NA,NA,NA,NA,NA,NA,NA,NA,NA,NA,NA,NA,2021-01-08,NA,NA,TRUE,NA,岡山県
JP-33,OKAYAMA,2020-12-19,NA,NA,NA,NA,NA,NA,NA,NA,NA,NA,NA,NA,NA,NA,NA,NA,2021-01-08,NA,NA,FALSE,NA,岡山県
JP-33,OKAYAMA,2020-12-20,NA,NA,NA,NA,NA,NA,NA,NA,NA,NA,NA,NA,NA,NA,NA,NA,2021-01-08,NA,NA,FALSE,NA,岡山県
JP-33,OKAYAMA,2020-12-21,NA,NA,NA,NA,NA,NA,NA,NA,NA,NA,NA,NA,NA,NA,NA,NA,2021-01-08,NA,NA,FALSE,NA,岡山県
JP-33,OKAYAMA,2020-12-22,NA,NA,NA,NA,NA,NA,NA,NA,NA,NA,NA,NA,NA,NA,NA,NA,2021-01-08,NA,NA,FALSE,NA,岡山県
JP-33,OKAYAMA,2020-12-23,NA,NA,NA,NA,NA,NA,NA,NA,NA,NA,NA,NA,NA,NA,NA,NA,2021-01-08,NA,NA,FALSE,NA,岡山県
JP-33,OKAYAMA,2020-12-24,NA,NA,NA,NA,NA,NA,NA,NA,NA,NA,NA,NA,NA,NA,NA,NA,2021-01-08,NA,NA,TRUE,NA,岡山県
JP-33,OKAYAMA,2020-12-25,NA,NA,NA,NA,NA,NA,NA,NA,NA,NA,NA,NA,NA,NA,NA,NA,2021-01-08,NA,NA,FALSE,NA,岡山県
JP-33,OKAYAMA,2020-12-26,NA,NA,NA,NA,NA,NA,NA,NA,NA,NA,NA,NA,NA,NA,NA,NA,2021-01-08,NA,NA,FALSE,NA,岡山県
JP-33,OKAYAMA,2020-12-27,NA,NA,NA,NA,NA,NA,NA,NA,NA,NA,NA,NA,NA,NA,NA,NA,2021-01-08,NA,NA,FALSE,NA,岡山県
JP-33,OKAYAMA,2020-12-28,NA,NA,NA,NA,NA,NA,NA,NA,NA,NA,NA,NA,NA,NA,NA,NA,2021-01-08,NA,NA,FALSE,NA,岡山県
JP-33,OKAYAMA,2020-12-29,NA,NA,NA,NA,NA,NA,NA,NA,NA,NA,NA,NA,NA,NA,NA,NA,2021-01-08,NA,NA,FALSE,NA,岡山県
JP-33,OKAYAMA,2020-12-30,NA,NA,NA,NA,NA,NA,NA,NA,NA,NA,NA,NA,NA,NA,NA,NA,2021-01-08,NA,NA,FALSE,NA,岡山県
JP-33,OKAYAMA,2020-12-31,NA,NA,NA,NA,NA,NA,NA,NA,NA,NA,NA,NA,NA,NA,NA,NA,2021-01-08,NA,NA,FALSE,NA,岡山県
JP-33,OKAYAMA,2021-01-01,NA,NA,NA,NA,NA,NA,NA,NA,NA,NA,NA,NA,NA,NA,NA,NA,2021-01-08,NA,NA,FALSE,NA,岡山県
JP-33,OKAYAMA,2021-01-02,NA,NA,NA,NA,NA,NA,NA,NA,NA,NA,NA,NA,NA,NA,NA,NA,2021-01-08,NA,NA,FALSE,NA,岡山県
JP-33,OKAYAMA,2021-01-03,NA,NA,NA,NA,NA,NA,NA,NA,NA,NA,NA,NA,NA,NA,NA,NA,2021-01-08,NA,NA,FALSE,NA,岡山県
JP-33,OKAYAMA,2021-01-04,NA,NA,NA,NA,NA,NA,NA,NA,NA,NA,NA,NA,NA,NA,NA,NA,2021-01-08,NA,NA,FALSE,NA,岡山県
JP-33,OKAYAMA,2021-01-05,NA,NA,NA,NA,NA,NA,NA,NA,NA,NA,NA,NA,NA,NA,NA,NA,2021-01-08,NA,NA,NA,NA,岡山県
JP-33,OKAYAMA,2021-01-06,NA,NA,NA,NA,NA,NA,NA,NA,NA,NA,NA,NA,NA,NA,NA,NA,2021-01-08,NA,NA,FALSE,NA,岡山県
JP-33,OKAYAMA,2021-01-07,NA,NA,NA,NA,NA,NA,NA,NA,NA,NA,NA,NA,NA,NA,NA,NA,2021-01-08,NA,NA,FALSE,NA,岡山県
JP-33,OKAYAMA,2021-01-08,NA,NA,NA,NA,NA,NA,NA,NA,NA,NA,NA,NA,NA,NA,NA,NA,2021-01-08,NA,NA,FALSE,NA,岡山県
JP-34,HIROSHIMA,2020-12-12,NA,NA,NA,NA,NA,NA,NA,NA,NA,NA,NA,NA,NA,NA,NA,NA,2021-01-08,NA,NA,NA,NA,広島県
JP-34,HIROSHIMA,2020-12-13,NA,NA,NA,NA,NA,NA,NA,NA,NA,NA,NA,NA,NA,NA,NA,NA,2021-01-08,NA,NA,FALSE,NA,広島県
JP-34,HIROSHIMA,2020-12-14,NA,NA,NA,NA,NA,NA,NA,NA,NA,NA,NA,NA,NA,NA,NA,NA,2021-01-08,NA,NA,TRUE,NA,広島県
JP-34,HIROSHIMA,2020-12-15,NA,NA,NA,NA,NA,NA,NA,NA,NA,NA,NA,NA,NA,NA,NA,NA,2021-01-08,NA,NA,FALSE,NA,広島県
JP-34,HIROSHIMA,2020-12-16,NA,NA,NA,NA,NA,NA,NA,NA,NA,NA,NA,NA,NA,NA,NA,NA,2021-01-08,NA,NA,NA,NA,広島県
JP-34,HIROSHIMA,2020-12-17,NA,NA,NA,NA,NA,NA,NA,NA,NA,NA,NA,NA,NA,NA,NA,NA,2021-01-08,NA,NA,TRUE,NA,広島県
JP-34,HIROSHIMA,2020-12-18,NA,NA,NA,NA,NA,NA,NA,NA,NA,NA,NA,NA,NA,NA,NA,NA,2021-01-08,NA,NA,FALSE,NA,広島県
JP-34,HIROSHIMA,2020-12-19,NA,NA,NA,NA,NA,NA,NA,NA,NA,NA,NA,NA,NA,NA,NA,NA,2021-01-08,NA,NA,TRUE,NA,広島県
JP-34,HIROSHIMA,2020-12-20,NA,NA,NA,NA,NA,NA,NA,NA,NA,NA,NA,NA,NA,NA,NA,NA,2021-01-08,NA,NA,FALSE,NA,広島県
JP-34,HIROSHIMA,2020-12-21,NA,NA,NA,NA,NA,NA,NA,NA,NA,NA,NA,NA,NA,NA,NA,NA,2021-01-08,NA,NA,NA,NA,広島県
JP-34,HIROSHIMA,2020-12-22,NA,NA,NA,NA,NA,NA,NA,NA,NA,NA,NA,NA,NA,NA,NA,NA,2021-01-08,NA,NA,FALSE,NA,広島県
JP-34,HIROSHIMA,2020-12-23,NA,NA,NA,NA,NA,NA,NA,NA,NA,NA,NA,NA,NA,NA,NA,NA,2021-01-08,NA,NA,TRUE,NA,広島県
JP-34,HIROSHIMA,2020-12-24,NA,NA,NA,NA,NA,NA,NA,NA,NA,NA,NA,NA,NA,NA,NA,NA,2021-01-08,NA,NA,NA,NA,広島県
JP-34,HIROSHIMA,2020-12-25,NA,NA,NA,NA,NA,NA,NA,NA,NA,NA,NA,NA,NA,NA,NA,NA,2021-01-08,NA,NA,FALSE,NA,広島県
JP-34,HIROSHIMA,2020-12-26,NA,NA,NA,NA,NA,NA,NA,NA,NA,NA,NA,NA,NA,NA,NA,NA,2021-01-08,NA,NA,FALSE,NA,広島県
JP-34,HIROSHIMA,2020-12-27,NA,NA,NA,NA,NA,NA,NA,NA,NA,NA,NA,NA,NA,NA,NA,NA,2021-01-08,NA,NA,FALSE,NA,広島県
JP-34,HIROSHIMA,2020-12-28,NA,NA,NA,NA,NA,NA,NA,NA,NA,NA,NA,NA,NA,NA,NA,NA,2021-01-08,NA,NA,NA,NA,広島県
JP-34,HIROSHIMA,2020-12-29,NA,NA,NA,NA,NA,NA,NA,NA,NA,NA,NA,NA,NA,NA,NA,NA,2021-01-08,NA,NA,FALSE,NA,広島県
JP-34,HIROSHIMA,2020-12-30,NA,NA,NA,NA,NA,NA,NA,NA,NA,NA,NA,NA,NA,NA,NA,NA,2021-01-08,NA,NA,NA,NA,広島県
JP-34,HIROSHIMA,2020-12-31,NA,NA,NA,NA,NA,NA,NA,NA,NA,NA,NA,NA,NA,NA,NA,NA,2021-01-08,NA,NA,TRUE,NA,広島県
JP-34,HIROSHIMA,2021-01-01,NA,NA,NA,NA,NA,NA,NA,NA,NA,NA,NA,NA,NA,NA,NA,NA,2021-01-08,NA,NA,NA,NA,広島県
JP-34,HIROSHIMA,2021-01-02,NA,NA,NA,NA,NA,NA,NA,NA,NA,NA,NA,NA,NA,NA,NA,NA,2021-01-08,NA,NA,TRUE,NA,広島県
JP-34,HIROSHIMA,2021-01-03,NA,NA,NA,NA,NA,NA,NA,NA,NA,NA,NA,NA,NA,NA,NA,NA,2021-01-08,NA,NA,NA,NA,広島県
JP-34,HIROSHIMA,2021-01-04,NA,NA,NA,NA,NA,NA,NA,NA,NA,NA,NA,NA,NA,NA,NA,NA,2021-01-08,NA,NA,NA,NA,広島県
JP-34,HIROSHIMA,2021-01-05,NA,NA,NA,NA,NA,NA,NA,NA,NA,NA,NA,NA,NA,NA,NA,NA,2021-01-08,NA,NA,NA,NA,広島県
JP-34,HIROSHIMA,2021-01-06,NA,NA,NA,NA,NA,NA,NA,NA,NA,NA,NA,NA,NA,NA,NA,NA,2021-01-08,NA,NA,NA,NA,広島県
JP-34,HIROSHIMA,2021-01-07,NA,NA,NA,NA,NA,NA,NA,NA,NA,NA,NA,NA,NA,NA,NA,NA,2021-01-08,NA,NA,NA,NA,広島県
JP-34,HIROSHIMA,2021-01-08,NA,NA,NA,NA,NA,NA,NA,NA,NA,NA,NA,NA,NA,NA,NA,NA,2021-01-08,NA,NA,FALSE,FALSE,広島県
JP-35,YAMAGUCHI,2020-12-12,NA,NA,NA,NA,NA,NA,NA,NA,NA,NA,NA,NA,NA,NA,NA,NA,2021-01-08,NA,NA,NA,NA,山口県
JP-35,YAMAGUCHI,2020-12-13,NA,NA,NA,NA,NA,NA,NA,NA,NA,NA,NA,NA,NA,NA,NA,NA,2021-01-08,NA,NA,FALSE,NA,山口県
JP-35,YAMAGUCHI,2020-12-14,NA,NA,NA,NA,NA,NA,NA,NA,NA,NA,NA,NA,NA,NA,NA,NA,2021-01-08,NA,NA,FALSE,NA,山口県
JP-35,YAMAGUCHI,2020-12-15,NA,NA,NA,NA,NA,NA,NA,NA,NA,NA,NA,NA,NA,NA,NA,NA,2021-01-08,NA,NA,FALSE,NA,山口県
JP-35,YAMAGUCHI,2020-12-16,NA,NA,NA,NA,NA,NA,NA,NA,NA,NA,NA,NA,NA,NA,NA,NA,2021-01-08,NA,NA,FALSE,TRUE,山口県
JP-35,YAMAGUCHI,2020-12-17,NA,NA,NA,NA,NA,NA,NA,NA,NA,NA,NA,NA,NA,NA,NA,NA,2021-01-08,NA,NA,FALSE,NA,山口県
JP-35,YAMAGUCHI,2020-12-18,NA,NA,NA,NA,NA,NA,NA,NA,NA,NA,NA,NA,NA,NA,NA,NA,2021-01-08,NA,NA,FALSE,NA,山口県
JP-35,YAMAGUCHI,2020-12-19,NA,NA,NA,NA,NA,NA,NA,NA,NA,NA,NA,NA,NA,NA,NA,NA,2021-01-08,NA,NA,FALSE,NA,山口県
JP-35,YAMAGUCHI,2020-12-20,NA,NA,NA,NA,NA,NA,NA,NA,NA,NA,NA,NA,NA,NA,NA,NA,2021-01-08,NA,NA,FALSE,NA,山口県
JP-35,YAMAGUCHI,2020-12-21,NA,NA,NA,NA,NA,NA,NA,NA,NA,NA,NA,NA,NA,NA,NA,NA,2021-01-08,NA,NA,FALSE,NA,山口県
JP-35,YAMAGUCHI,2020-12-22,NA,NA,NA,NA,NA,NA,NA,NA,NA,NA,NA,NA,NA,NA,NA,NA,2021-01-08,NA,NA,TRUE,NA,山口県
JP-35,YAMAGUCHI,2020-12-23,NA,NA,NA,NA,NA,NA,NA,NA,NA,NA,NA,NA,NA,NA,NA,NA,2021-01-08,NA,NA,FALSE,NA,山口県
JP-35,YAMAGUCHI,2020-12-24,NA,NA,NA,NA,NA,NA,NA,NA,NA,NA,NA,NA,NA,NA,NA,NA,2021-01-08,NA,NA,FALSE,NA,山口県
JP-35,YAMAGUCHI,2020-12-25,NA,NA,NA,NA,NA,NA,NA,NA,NA,NA,NA,NA,NA,NA,NA,NA,2021-01-08,NA,NA,FALSE,NA,山口県
JP-35,YAMAGUCHI,2020-12-26,NA,NA,NA,NA,NA,NA,NA,NA,NA,NA,NA,NA,NA,NA,NA,NA,2021-01-08,NA,NA,FALSE,NA,山口県
JP-35,YAMAGUCHI,2020-12-27,NA,NA,NA,NA,NA,NA,NA,NA,NA,NA,NA,NA,NA,NA,NA,NA,2021-01-08,NA,NA,FALSE,NA,山口県
JP-35,YAMAGUCHI,2020-12-28,NA,NA,NA,NA,NA,NA,NA,NA,NA,NA,NA,NA,NA,NA,NA,NA,2021-01-08,NA,NA,FALSE,NA,山口県
JP-35,YAMAGUCHI,2020-12-29,NA,NA,NA,NA,NA,NA,NA,NA,NA,NA,NA,NA,NA,NA,NA,NA,2021-01-08,NA,NA,FALSE,NA,山口県
JP-35,YAMAGUCHI,2020-12-30,NA,NA,NA,NA,NA,NA,NA,NA,NA,NA,NA,NA,NA,NA,NA,NA,2021-01-08,NA,NA,FALSE,NA,山口県
JP-35,YAMAGUCHI,2020-12-31,NA,NA,NA,NA,NA,NA,NA,NA,NA,NA,NA,NA,NA,NA,NA,NA,2021-01-08,NA,NA,FALSE,NA,山口県
JP-35,YAMAGUCHI,2021-01-01,NA,NA,NA,NA,NA,NA,NA,NA,NA,NA,NA,NA,NA,NA,NA,NA,2021-01-08,NA,NA,FALSE,NA,山口県
JP-35,YAMAGUCHI,2021-01-02,NA,NA,NA,NA,NA,NA,NA,NA,NA,NA,NA,NA,NA,NA,NA,NA,2021-01-08,NA,NA,FALSE,NA,山口県
JP-35,YAMAGUCHI,2021-01-03,NA,NA,NA,NA,NA,NA,NA,NA,NA,NA,NA,NA,NA,NA,NA,NA,2021-01-08,NA,NA,FALSE,NA,山口県
JP-35,YAMAGUCHI,2021-01-04,NA,NA,NA,NA,NA,NA,NA,NA,NA,NA,NA,NA,NA,NA,NA,NA,2021-01-08,NA,NA,FALSE,NA,山口県
JP-35,YAMAGUCHI,2021-01-05,NA,NA,NA,NA,NA,NA,NA,NA,NA,NA,NA,NA,NA,NA,NA,NA,2021-01-08,NA,NA,FALSE,NA,山口県
JP-35,YAMAGUCHI,2021-01-06,NA,NA,NA,NA,NA,NA,NA,NA,NA,NA,NA,NA,NA,NA,NA,NA,2021-01-08,NA,NA,FALSE,NA,山口県
JP-35,YAMAGUCHI,2021-01-07,NA,NA,NA,NA,NA,NA,NA,NA,NA,NA,NA,NA,NA,NA,NA,NA,2021-01-08,NA,NA,FALSE,NA,山口県
JP-35,YAMAGUCHI,2021-01-08,NA,NA,NA,NA,NA,NA,NA,NA,NA,NA,NA,NA,NA,NA,NA,NA,2021-01-08,NA,NA,FALSE,NA,山口県
JP-36,TOKUSHIMA,2020-12-12,NA,NA,NA,NA,NA,NA,NA,NA,NA,NA,NA,NA,NA,NA,NA,NA,2021-01-08,NA,NA,NA,NA,徳島県
JP-36,TOKUSHIMA,2020-12-13,NA,NA,NA,NA,NA,NA,NA,NA,NA,NA,NA,NA,NA,NA,NA,NA,2021-01-08,NA,NA,FALSE,FALSE,徳島県
JP-36,TOKUSHIMA,2020-12-14,NA,NA,NA,NA,NA,NA,NA,NA,NA,NA,NA,NA,NA,NA,NA,NA,2021-01-08,NA,NA,FALSE,FALSE,徳島県
JP-36,TOKUSHIMA,2020-12-15,NA,NA,NA,NA,NA,NA,NA,NA,NA,NA,NA,NA,NA,NA,NA,NA,2021-01-08,NA,NA,FALSE,FALSE,徳島県
JP-36,TOKUSHIMA,2020-12-16,NA,NA,NA,NA,NA,NA,NA,NA,NA,NA,NA,NA,NA,NA,NA,NA,2021-01-08,NA,NA,FALSE,TRUE,徳島県
JP-36,TOKUSHIMA,2020-12-17,NA,NA,NA,NA,NA,NA,NA,NA,NA,NA,NA,NA,NA,NA,NA,NA,2021-01-08,NA,NA,FALSE,FALSE,徳島県
JP-36,TOKUSHIMA,2020-12-18,NA,NA,NA,NA,NA,NA,NA,NA,NA,NA,NA,NA,NA,NA,NA,NA,2021-01-08,NA,NA,FALSE,FALSE,徳島県
JP-36,TOKUSHIMA,2020-12-19,NA,NA,NA,NA,NA,NA,NA,NA,NA,NA,NA,NA,NA,NA,NA,NA,2021-01-08,NA,NA,FALSE,TRUE,徳島県
JP-36,TOKUSHIMA,2020-12-20,NA,NA,NA,NA,NA,NA,NA,NA,NA,NA,NA,NA,NA,NA,NA,NA,2021-01-08,NA,NA,FALSE,NA,徳島県
JP-36,TOKUSHIMA,2020-12-21,NA,NA,NA,NA,NA,NA,NA,NA,NA,NA,NA,NA,NA,NA,NA,NA,2021-01-08,NA,NA,FALSE,TRUE,徳島県
JP-36,TOKUSHIMA,2020-12-22,NA,NA,NA,NA,NA,NA,NA,NA,NA,NA,NA,NA,NA,NA,NA,NA,2021-01-08,NA,NA,FALSE,FALSE,徳島県
JP-36,TOKUSHIMA,2020-12-23,NA,NA,NA,NA,NA,NA,NA,NA,NA,NA,NA,NA,NA,NA,NA,NA,2021-01-08,NA,NA,FALSE,NA,徳島県
JP-36,TOKUSHIMA,2020-12-24,NA,NA,NA,NA,NA,NA,NA,NA,NA,NA,NA,NA,NA,NA,NA,NA,2021-01-08,NA,NA,FALSE,FALSE,徳島県
JP-36,TOKUSHIMA,2020-12-25,NA,NA,NA,NA,NA,NA,NA,NA,NA,NA,NA,NA,NA,NA,NA,NA,2021-01-08,NA,NA,FALSE,TRUE,徳島県
JP-36,TOKUSHIMA,2020-12-26,NA,NA,NA,NA,NA,NA,NA,NA,NA,NA,NA,NA,NA,NA,NA,NA,2021-01-08,NA,NA,FALSE,FALSE,徳島県
JP-36,TOKUSHIMA,2020-12-27,NA,NA,NA,NA,NA,NA,NA,NA,NA,NA,NA,NA,NA,NA,NA,NA,2021-01-08,NA,NA,FALSE,FALSE,徳島県
JP-36,TOKUSHIMA,2020-12-28,NA,NA,NA,NA,NA,NA,NA,NA,NA,NA,NA,NA,NA,NA,NA,NA,2021-01-08,NA,NA,FALSE,FALSE,徳島県
JP-36,TOKUSHIMA,2020-12-29,NA,NA,NA,NA,NA,NA,NA,NA,NA,NA,NA,NA,NA,NA,NA,NA,2021-01-08,NA,NA,FALSE,FALSE,徳島県
JP-36,TOKUSHIMA,2020-12-30,NA,NA,NA,NA,NA,NA,NA,NA,NA,NA,NA,NA,NA,NA,NA,NA,2021-01-08,NA,NA,FALSE,TRUE,徳島県
JP-36,TOKUSHIMA,2020-12-31,NA,NA,NA,NA,NA,NA,NA,NA,NA,NA,NA,NA,NA,NA,NA,NA,2021-01-08,NA,NA,FALSE,NA,徳島県
JP-36,TOKUSHIMA,2021-01-01,NA,NA,NA,NA,NA,NA,NA,NA,NA,NA,NA,NA,NA,NA,NA,NA,2021-01-08,NA,NA,FALSE,TRUE,徳島県
JP-36,TOKUSHIMA,2021-01-02,NA,NA,NA,NA,NA,NA,NA,NA,NA,NA,NA,NA,NA,NA,NA,NA,2021-01-08,NA,NA,FALSE,FALSE,徳島県
JP-36,TOKUSHIMA,2021-01-03,NA,NA,NA,NA,NA,NA,NA,NA,NA,NA,NA,NA,NA,NA,NA,NA,2021-01-08,NA,NA,FALSE,FALSE,徳島県
JP-36,TOKUSHIMA,2021-01-04,NA,NA,NA,NA,NA,NA,NA,NA,NA,NA,NA,NA,NA,NA,NA,NA,2021-01-08,NA,NA,FALSE,NA,徳島県
JP-36,TOKUSHIMA,2021-01-05,NA,NA,NA,NA,NA,NA,NA,NA,NA,NA,NA,NA,NA,NA,NA,NA,2021-01-08,NA,NA,FALSE,NA,徳島県
JP-36,TOKUSHIMA,2021-01-06,NA,NA,NA,NA,NA,NA,NA,NA,NA,NA,NA,NA,NA,NA,NA,NA,2021-01-08,NA,NA,FALSE,NA,徳島県
JP-36,TOKUSHIMA,2021-01-07,NA,NA,NA,NA,NA,NA,NA,NA,NA,NA,NA,NA,NA,NA,NA,NA,2021-01-08,NA,NA,FALSE,FALSE,徳島県
JP-36,TOKUSHIMA,2021-01-08,NA,NA,NA,NA,NA,NA,NA,NA,NA,NA,NA,NA,NA,NA,NA,NA,2021-01-08,NA,NA,FALSE,NA,徳島県
JP-37,KAGAWA,2020-12-12,NA,NA,NA,NA,NA,NA,NA,NA,NA,NA,NA,NA,NA,NA,NA,NA,2021-01-08,NA,NA,NA,NA,香川県
JP-37,KAGAWA,2020-12-13,NA,NA,NA,NA,NA,NA,NA,NA,NA,NA,NA,NA,NA,NA,NA,NA,2021-01-08,NA,NA,FALSE,FALSE,香川県
JP-37,KAGAWA,2020-12-14,NA,NA,NA,NA,NA,NA,NA,NA,NA,NA,NA,NA,NA,NA,NA,NA,2021-01-08,NA,NA,FALSE,FALSE,香川県
JP-37,KAGAWA,2020-12-15,NA,NA,NA,NA,NA,NA,NA,NA,NA,NA,NA,NA,NA,NA,NA,NA,2021-01-08,NA,NA,FALSE,NA,香川県
JP-37,KAGAWA,2020-12-16,NA,NA,NA,NA,NA,NA,NA,NA,NA,NA,NA,NA,NA,NA,NA,NA,2021-01-08,NA,NA,FALSE,NA,香川県
JP-37,KAGAWA,2020-12-17,NA,NA,NA,NA,NA,NA,NA,NA,NA,NA,NA,NA,NA,NA,NA,NA,2021-01-08,NA,NA,FALSE,TRUE,香川県
JP-37,KAGAWA,2020-12-18,NA,NA,NA,NA,NA,NA,NA,NA,NA,NA,NA,NA,NA,NA,NA,NA,2021-01-08,NA,NA,FALSE,FALSE,香川県
JP-37,KAGAWA,2020-12-19,NA,NA,NA,NA,NA,NA,NA,NA,NA,NA,NA,NA,NA,NA,NA,NA,2021-01-08,NA,NA,FALSE,FALSE,香川県
JP-37,KAGAWA,2020-12-20,NA,NA,NA,NA,NA,NA,NA,NA,NA,NA,NA,NA,NA,NA,NA,NA,2021-01-08,NA,NA,FALSE,NA,香川県
JP-37,KAGAWA,2020-12-21,NA,NA,NA,NA,NA,NA,NA,NA,NA,NA,NA,NA,NA,NA,NA,NA,2021-01-08,NA,NA,FALSE,TRUE,香川県
JP-37,KAGAWA,2020-12-22,NA,NA,NA,NA,NA,NA,NA,NA,NA,NA,NA,NA,NA,NA,NA,NA,2021-01-08,NA,NA,FALSE,NA,香川県
JP-37,KAGAWA,2020-12-23,NA,NA,NA,NA,NA,NA,NA,NA,NA,NA,NA,NA,NA,NA,NA,NA,2021-01-08,NA,NA,FALSE,NA,香川県
JP-37,KAGAWA,2020-12-24,NA,NA,NA,NA,NA,NA,NA,NA,NA,NA,NA,NA,NA,NA,NA,NA,2021-01-08,NA,NA,FALSE,NA,香川県
JP-37,KAGAWA,2020-12-25,NA,NA,NA,NA,NA,NA,NA,NA,NA,NA,NA,NA,NA,NA,NA,NA,2021-01-08,NA,NA,FALSE,NA,香川県
JP-37,KAGAWA,2020-12-26,NA,NA,NA,NA,NA,NA,NA,NA,NA,NA,NA,NA,NA,NA,NA,NA,2021-01-08,NA,NA,FALSE,NA,香川県
JP-37,KAGAWA,2020-12-27,NA,NA,NA,NA,NA,NA,NA,NA,NA,NA,NA,NA,NA,NA,NA,NA,2021-01-08,NA,NA,FALSE,NA,香川県
JP-37,KAGAWA,2020-12-28,NA,NA,NA,NA,NA,NA,NA,NA,NA,NA,NA,NA,NA,NA,NA,NA,2021-01-08,NA,NA,FALSE,NA,香川県
JP-37,KAGAWA,2020-12-29,NA,NA,NA,NA,NA,NA,NA,NA,NA,NA,NA,NA,NA,NA,NA,NA,2021-01-08,NA,NA,FALSE,NA,香川県
JP-37,KAGAWA,2020-12-30,NA,NA,NA,NA,NA,NA,NA,NA,NA,NA,NA,NA,NA,NA,NA,NA,2021-01-08,NA,NA,FALSE,NA,香川県
JP-37,KAGAWA,2020-12-31,NA,NA,NA,NA,NA,NA,NA,NA,NA,NA,NA,NA,NA,NA,NA,NA,2021-01-08,NA,NA,FALSE,NA,香川県
JP-37,KAGAWA,2021-01-01,NA,NA,NA,NA,NA,NA,NA,NA,NA,NA,NA,NA,NA,NA,NA,NA,2021-01-08,NA,NA,FALSE,NA,香川県
JP-37,KAGAWA,2021-01-02,NA,NA,NA,NA,NA,NA,NA,NA,NA,NA,NA,NA,NA,NA,NA,NA,2021-01-08,NA,NA,FALSE,NA,香川県
JP-37,KAGAWA,2021-01-03,NA,NA,NA,NA,NA,NA,NA,NA,NA,NA,NA,NA,NA,NA,NA,NA,2021-01-08,NA,NA,FALSE,NA,香川県
JP-37,KAGAWA,2021-01-04,NA,NA,NA,NA,NA,NA,NA,NA,NA,NA,NA,NA,NA,NA,NA,NA,2021-01-08,NA,NA,FALSE,NA,香川県
JP-37,KAGAWA,2021-01-05,NA,NA,NA,NA,NA,NA,NA,NA,NA,NA,NA,NA,NA,NA,NA,NA,2021-01-08,NA,NA,FALSE,NA,香川県
JP-37,KAGAWA,2021-01-06,NA,NA,NA,NA,NA,NA,NA,NA,NA,NA,NA,NA,NA,NA,NA,NA,2021-01-08,NA,NA,FALSE,NA,香川県
JP-37,KAGAWA,2021-01-07,NA,NA,NA,NA,NA,NA,NA,NA,NA,NA,NA,NA,NA,NA,NA,NA,2021-01-08,NA,NA,FALSE,NA,香川県
JP-37,KAGAWA,2021-01-08,NA,NA,NA,NA,NA,NA,NA,NA,NA,NA,NA,NA,NA,NA,NA,NA,2021-01-08,NA,NA,FALSE,NA,香川県
JP-38,EHIME,2020-12-12,NA,NA,NA,NA,NA,NA,NA,NA,NA,NA,NA,NA,NA,NA,NA,NA,2021-01-08,NA,NA,NA,NA,愛媛県
JP-38,EHIME,2020-12-13,NA,NA,NA,NA,NA,NA,NA,NA,NA,NA,NA,NA,NA,NA,NA,NA,2021-01-08,NA,NA,FALSE,TRUE,愛媛県
JP-38,EHIME,2020-12-14,NA,NA,NA,NA,NA,NA,NA,NA,NA,NA,NA,NA,NA,NA,NA,NA,2021-01-08,NA,NA,TRUE,TRUE,愛媛県
JP-38,EHIME,2020-12-15,NA,NA,NA,NA,NA,NA,NA,NA,NA,NA,NA,NA,NA,NA,NA,NA,2021-01-08,NA,NA,FALSE,NA,愛媛県
JP-38,EHIME,2020-12-16,NA,NA,NA,NA,NA,NA,NA,NA,NA,NA,NA,NA,NA,NA,NA,NA,2021-01-08,NA,NA,FALSE,NA,愛媛県
JP-38,EHIME,2020-12-17,NA,NA,NA,NA,NA,NA,NA,NA,NA,NA,NA,NA,NA,NA,NA,NA,2021-01-08,NA,NA,FALSE,NA,愛媛県
JP-38,EHIME,2020-12-18,NA,NA,NA,NA,NA,NA,NA,NA,NA,NA,NA,NA,NA,NA,NA,NA,2021-01-08,NA,NA,FALSE,NA,愛媛県
JP-38,EHIME,2020-12-19,NA,NA,NA,NA,NA,NA,NA,NA,NA,NA,NA,NA,NA,NA,NA,NA,2021-01-08,NA,NA,TRUE,FALSE,愛媛県
JP-38,EHIME,2020-12-20,NA,NA,NA,NA,NA,NA,NA,NA,NA,NA,NA,NA,NA,NA,NA,NA,2021-01-08,NA,NA,TRUE,TRUE,愛媛県
JP-38,EHIME,2020-12-21,NA,NA,NA,NA,NA,NA,NA,NA,NA,NA,NA,NA,NA,NA,NA,NA,2021-01-08,NA,NA,FALSE,FALSE,愛媛県
JP-38,EHIME,2020-12-22,NA,NA,NA,NA,NA,NA,NA,NA,NA,NA,NA,NA,NA,NA,NA,NA,2021-01-08,NA,NA,FALSE,NA,愛媛県
JP-38,EHIME,2020-12-23,NA,NA,NA,NA,NA,NA,NA,NA,NA,NA,NA,NA,NA,NA,NA,NA,2021-01-08,NA,NA,FALSE,NA,愛媛県
JP-38,EHIME,2020-12-24,NA,NA,NA,NA,NA,NA,NA,NA,NA,NA,NA,NA,NA,NA,NA,NA,2021-01-08,NA,NA,FALSE,NA,愛媛県
JP-38,EHIME,2020-12-25,NA,NA,NA,NA,NA,NA,NA,NA,NA,NA,NA,NA,NA,NA,NA,NA,2021-01-08,NA,NA,FALSE,NA,愛媛県
JP-38,EHIME,2020-12-26,NA,NA,NA,NA,NA,NA,NA,NA,NA,NA,NA,NA,NA,NA,NA,NA,2021-01-08,NA,NA,FALSE,NA,愛媛県
JP-38,EHIME,2020-12-27,NA,NA,NA,NA,NA,NA,NA,NA,NA,NA,NA,NA,NA,NA,NA,NA,2021-01-08,NA,NA,FALSE,NA,愛媛県
JP-38,EHIME,2020-12-28,NA,NA,NA,NA,NA,NA,NA,NA,NA,NA,NA,NA,NA,NA,NA,NA,2021-01-08,NA,NA,TRUE,NA,愛媛県
JP-38,EHIME,2020-12-29,NA,NA,NA,NA,NA,NA,NA,NA,NA,NA,NA,NA,NA,NA,NA,NA,2021-01-08,NA,NA,FALSE,NA,愛媛県
JP-38,EHIME,2020-12-30,NA,NA,NA,NA,NA,NA,NA,NA,NA,NA,NA,NA,NA,NA,NA,NA,2021-01-08,NA,NA,TRUE,NA,愛媛県
JP-38,EHIME,2020-12-31,NA,NA,NA,NA,NA,NA,NA,NA,NA,NA,NA,NA,NA,NA,NA,NA,2021-01-08,NA,NA,FALSE,NA,愛媛県
JP-38,EHIME,2021-01-01,NA,NA,NA,NA,NA,NA,NA,NA,NA,NA,NA,NA,NA,NA,NA,NA,2021-01-08,NA,NA,FALSE,NA,愛媛県
JP-38,EHIME,2021-01-02,NA,NA,NA,NA,NA,NA,NA,NA,NA,NA,NA,NA,NA,NA,NA,NA,2021-01-08,NA,NA,FALSE,NA,愛媛県
JP-38,EHIME,2021-01-03,NA,NA,NA,NA,NA,NA,NA,NA,NA,NA,NA,NA,NA,NA,NA,NA,2021-01-08,NA,NA,FALSE,NA,愛媛県
JP-38,EHIME,2021-01-04,NA,NA,NA,NA,NA,NA,NA,NA,NA,NA,NA,NA,NA,NA,NA,NA,2021-01-08,NA,NA,FALSE,NA,愛媛県
JP-38,EHIME,2021-01-05,NA,NA,NA,NA,NA,NA,NA,NA,NA,NA,NA,NA,NA,NA,NA,NA,2021-01-08,NA,NA,FALSE,NA,愛媛県
JP-38,EHIME,2021-01-06,NA,NA,NA,NA,NA,NA,NA,NA,NA,NA,NA,NA,NA,NA,NA,NA,2021-01-08,NA,NA,FALSE,NA,愛媛県
JP-38,EHIME,2021-01-07,NA,NA,NA,NA,NA,NA,NA,NA,NA,NA,NA,NA,NA,NA,NA,NA,2021-01-08,NA,NA,FALSE,NA,愛媛県
JP-38,EHIME,2021-01-08,NA,NA,NA,NA,NA,NA,NA,NA,NA,NA,NA,NA,NA,NA,NA,NA,2021-01-08,NA,NA,FALSE,NA,愛媛県
JP-39,KOCHI,2020-12-12,NA,NA,NA,NA,NA,NA,NA,NA,NA,NA,NA,NA,NA,NA,NA,NA,2021-01-08,NA,NA,NA,NA,高知県
JP-39,KOCHI,2020-12-13,NA,NA,NA,NA,NA,NA,NA,NA,NA,NA,NA,NA,NA,NA,NA,NA,2021-01-08,NA,NA,FALSE,NA,高知県
JP-39,KOCHI,2020-12-14,NA,NA,NA,NA,NA,NA,NA,NA,NA,NA,NA,NA,NA,NA,NA,NA,2021-01-08,NA,NA,FALSE,NA,高知県
JP-39,KOCHI,2020-12-15,NA,NA,NA,NA,NA,NA,NA,NA,NA,NA,NA,NA,NA,NA,NA,NA,2021-01-08,NA,NA,FALSE,NA,高知県
JP-39,KOCHI,2020-12-16,NA,NA,NA,NA,NA,NA,NA,NA,NA,NA,NA,NA,NA,NA,NA,NA,2021-01-08,NA,NA,FALSE,NA,高知県
JP-39,KOCHI,2020-12-17,NA,NA,NA,NA,NA,NA,NA,NA,NA,NA,NA,NA,NA,NA,NA,NA,2021-01-08,NA,NA,TRUE,NA,高知県
JP-39,KOCHI,2020-12-18,NA,NA,NA,NA,NA,NA,NA,NA,NA,NA,NA,NA,NA,NA,NA,NA,2021-01-08,NA,NA,FALSE,NA,高知県
JP-39,KOCHI,2020-12-19,NA,NA,NA,NA,NA,NA,NA,NA,NA,NA,NA,NA,NA,NA,NA,NA,2021-01-08,NA,NA,FALSE,NA,高知県
JP-39,KOCHI,2020-12-20,NA,NA,NA,NA,NA,NA,NA,NA,NA,NA,NA,NA,NA,NA,NA,NA,2021-01-08,NA,NA,FALSE,NA,高知県
JP-39,KOCHI,2020-12-21,NA,NA,NA,NA,NA,NA,NA,NA,NA,NA,NA,NA,NA,NA,NA,NA,2021-01-08,NA,NA,FALSE,NA,高知県
JP-39,KOCHI,2020-12-22,NA,NA,NA,NA,NA,NA,NA,NA,NA,NA,NA,NA,NA,NA,NA,NA,2021-01-08,NA,NA,TRUE,NA,高知県
JP-39,KOCHI,2020-12-23,NA,NA,NA,NA,NA,NA,NA,NA,NA,NA,NA,NA,NA,NA,NA,NA,2021-01-08,NA,NA,FALSE,NA,高知県
JP-39,KOCHI,2020-12-24,NA,NA,NA,NA,NA,NA,NA,NA,NA,NA,NA,NA,NA,NA,NA,NA,2021-01-08,NA,NA,FALSE,NA,高知県
JP-39,KOCHI,2020-12-25,NA,NA,NA,NA,NA,NA,NA,NA,NA,NA,NA,NA,NA,NA,NA,NA,2021-01-08,NA,NA,FALSE,NA,高知県
JP-39,KOCHI,2020-12-26,NA,NA,NA,NA,NA,NA,NA,NA,NA,NA,NA,NA,NA,NA,NA,NA,2021-01-08,NA,NA,FALSE,NA,高知県
JP-39,KOCHI,2020-12-27,NA,NA,NA,NA,NA,NA,NA,NA,NA,NA,NA,NA,NA,NA,NA,NA,2021-01-08,NA,NA,FALSE,NA,高知県
JP-39,KOCHI,2020-12-28,NA,NA,NA,NA,NA,NA,NA,NA,NA,NA,NA,NA,NA,NA,NA,NA,2021-01-08,NA,NA,FALSE,NA,高知県
JP-39,KOCHI,2020-12-29,NA,NA,NA,NA,NA,NA,NA,NA,NA,NA,NA,NA,NA,NA,NA,NA,2021-01-08,NA,NA,FALSE,NA,高知県
JP-39,KOCHI,2020-12-30,NA,NA,NA,NA,NA,NA,NA,NA,NA,NA,NA,NA,NA,NA,NA,NA,2021-01-08,NA,NA,FALSE,NA,高知県
JP-39,KOCHI,2020-12-31,NA,NA,NA,NA,NA,NA,NA,NA,NA,NA,NA,NA,NA,NA,NA,NA,2021-01-08,NA,NA,TRUE,NA,高知県
JP-39,KOCHI,2021-01-01,NA,NA,NA,NA,NA,NA,NA,NA,NA,NA,NA,NA,NA,NA,NA,NA,2021-01-08,NA,NA,TRUE,NA,高知県
JP-39,KOCHI,2021-01-02,NA,NA,NA,NA,NA,NA,NA,NA,NA,NA,NA,NA,NA,NA,NA,NA,2021-01-08,NA,NA,FALSE,NA,高知県
JP-39,KOCHI,2021-01-03,NA,NA,NA,NA,NA,NA,NA,NA,NA,NA,NA,NA,NA,NA,NA,NA,2021-01-08,NA,NA,TRUE,NA,高知県
JP-39,KOCHI,2021-01-04,NA,NA,NA,NA,NA,NA,NA,NA,NA,NA,NA,NA,NA,NA,NA,NA,2021-01-08,NA,NA,FALSE,NA,高知県
JP-39,KOCHI,2021-01-05,NA,NA,NA,NA,NA,NA,NA,NA,NA,NA,NA,NA,NA,NA,NA,NA,2021-01-08,NA,NA,TRUE,NA,高知県
JP-39,KOCHI,2021-01-06,NA,NA,NA,NA,NA,NA,NA,NA,NA,NA,NA,NA,NA,NA,NA,NA,2021-01-08,NA,NA,FALSE,NA,高知県
JP-39,KOCHI,2021-01-07,NA,NA,NA,NA,NA,NA,NA,NA,NA,NA,NA,NA,NA,NA,NA,NA,2021-01-08,NA,NA,FALSE,NA,高知県
JP-39,KOCHI,2021-01-08,NA,NA,NA,NA,NA,NA,NA,NA,NA,NA,NA,NA,NA,NA,NA,NA,2021-01-08,NA,NA,FALSE,NA,高知県
JP-40,FUKUOKA,2020-12-12,NA,NA,NA,NA,NA,NA,NA,NA,NA,NA,NA,NA,NA,NA,NA,NA,2021-01-08,NA,NA,NA,NA,福岡県
JP-40,FUKUOKA,2020-12-13,NA,NA,NA,NA,NA,NA,NA,NA,NA,NA,NA,NA,NA,NA,NA,NA,2021-01-08,NA,NA,FALSE,NA,福岡県
JP-40,FUKUOKA,2020-12-14,NA,NA,NA,NA,NA,NA,NA,NA,NA,NA,NA,NA,NA,NA,NA,NA,2021-01-08,NA,NA,TRUE,NA,福岡県
JP-40,FUKUOKA,2020-12-15,NA,NA,NA,NA,NA,NA,NA,NA,NA,NA,NA,NA,NA,NA,NA,NA,2021-01-08,NA,NA,FALSE,NA,福岡県
JP-40,FUKUOKA,2020-12-16,NA,NA,NA,NA,NA,NA,NA,NA,NA,NA,NA,NA,NA,NA,NA,NA,2021-01-08,NA,NA,FALSE,NA,福岡県
JP-40,FUKUOKA,2020-12-17,NA,NA,NA,NA,NA,NA,NA,NA,NA,NA,NA,NA,NA,NA,NA,NA,2021-01-08,NA,NA,FALSE,FALSE,福岡県
JP-40,FUKUOKA,2020-12-18,NA,NA,NA,NA,NA,NA,NA,NA,NA,NA,NA,NA,NA,NA,NA,NA,2021-01-08,NA,NA,FALSE,NA,福岡県
JP-40,FUKUOKA,2020-12-19,NA,NA,NA,NA,NA,NA,NA,NA,NA,NA,NA,NA,NA,NA,NA,NA,2021-01-08,NA,NA,FALSE,NA,福岡県
JP-40,FUKUOKA,2020-12-20,NA,NA,NA,NA,NA,NA,NA,NA,NA,NA,NA,NA,NA,NA,NA,NA,2021-01-08,NA,NA,NA,NA,福岡県
JP-40,FUKUOKA,2020-12-21,NA,NA,NA,NA,NA,NA,NA,NA,NA,NA,NA,NA,NA,NA,NA,NA,2021-01-08,NA,NA,FALSE,FALSE,福岡県
JP-40,FUKUOKA,2020-12-22,NA,NA,NA,NA,NA,NA,NA,NA,NA,NA,NA,NA,NA,NA,NA,NA,2021-01-08,NA,NA,TRUE,NA,福岡県
JP-40,FUKUOKA,2020-12-23,NA,NA,NA,NA,NA,NA,NA,NA,NA,NA,NA,NA,NA,NA,NA,NA,2021-01-08,NA,NA,FALSE,FALSE,福岡県
JP-40,FUKUOKA,2020-12-24,NA,NA,NA,NA,NA,NA,NA,NA,NA,NA,NA,NA,NA,NA,NA,NA,2021-01-08,NA,NA,NA,NA,福岡県
JP-40,FUKUOKA,2020-12-25,NA,NA,NA,NA,NA,NA,NA,NA,NA,NA,NA,NA,NA,NA,NA,NA,2021-01-08,NA,NA,FALSE,FALSE,福岡県
JP-40,FUKUOKA,2020-12-26,NA,NA,NA,NA,NA,NA,NA,NA,NA,NA,NA,NA,NA,NA,NA,NA,2021-01-08,NA,NA,FALSE,NA,福岡県
JP-40,FUKUOKA,2020-12-27,NA,NA,NA,NA,NA,NA,NA,NA,NA,NA,NA,NA,NA,NA,NA,NA,2021-01-08,NA,NA,FALSE,NA,福岡県
JP-40,FUKUOKA,2020-12-28,NA,NA,NA,NA,NA,NA,NA,NA,NA,NA,NA,NA,NA,NA,NA,NA,2021-01-08,NA,NA,FALSE,NA,福岡県
JP-40,FUKUOKA,2020-12-29,NA,NA,NA,NA,NA,NA,NA,NA,NA,NA,NA,NA,NA,NA,NA,NA,2021-01-08,NA,NA,TRUE,NA,福岡県
JP-40,FUKUOKA,2020-12-30,NA,NA,NA,NA,NA,NA,NA,NA,NA,NA,NA,NA,NA,NA,NA,NA,2021-01-08,NA,NA,TRUE,NA,福岡県
JP-40,FUKUOKA,2020-12-31,NA,NA,NA,NA,NA,NA,NA,NA,NA,NA,NA,NA,NA,NA,NA,NA,2021-01-08,NA,NA,FALSE,FALSE,福岡県
JP-40,FUKUOKA,2021-01-01,NA,NA,NA,NA,NA,NA,NA,NA,NA,NA,NA,NA,NA,NA,NA,NA,2021-01-08,NA,NA,FALSE,FALSE,福岡県
JP-40,FUKUOKA,2021-01-02,NA,NA,NA,NA,NA,NA,NA,NA,NA,NA,NA,NA,NA,NA,NA,NA,2021-01-08,NA,NA,FALSE,FALSE,福岡県
JP-40,FUKUOKA,2021-01-03,NA,NA,NA,NA,NA,NA,NA,NA,NA,NA,NA,NA,NA,NA,NA,NA,2021-01-08,NA,NA,FALSE,FALSE,福岡県
JP-40,FUKUOKA,2021-01-04,NA,NA,NA,NA,NA,NA,NA,NA,NA,NA,NA,NA,NA,NA,NA,NA,2021-01-08,NA,NA,NA,NA,福岡県
JP-40,FUKUOKA,2021-01-05,NA,NA,NA,NA,NA,NA,NA,NA,NA,NA,NA,NA,NA,NA,NA,NA,2021-01-08,NA,NA,FALSE,NA,福岡県
JP-40,FUKUOKA,2021-01-06,NA,NA,NA,NA,NA,NA,NA,NA,NA,NA,NA,NA,NA,NA,NA,NA,2021-01-08,NA,NA,TRUE,NA,福岡県
JP-40,FUKUOKA,2021-01-07,NA,NA,NA,NA,NA,NA,NA,NA,NA,NA,NA,NA,NA,NA,NA,NA,2021-01-08,NA,NA,FALSE,FALSE,福岡県
JP-40,FUKUOKA,2021-01-08,NA,NA,NA,NA,NA,NA,NA,NA,NA,NA,NA,NA,NA,NA,NA,NA,2021-01-08,NA,NA,NA,NA,福岡県
JP-41,SAGA,2020-12-12,NA,NA,NA,NA,NA,NA,NA,NA,NA,NA,NA,NA,NA,NA,NA,NA,2021-01-08,NA,NA,NA,NA,佐賀県
JP-41,SAGA,2020-12-13,NA,NA,NA,NA,NA,NA,NA,NA,NA,NA,NA,NA,NA,NA,NA,NA,2021-01-08,NA,NA,FALSE,NA,佐賀県
JP-41,SAGA,2020-12-14,NA,NA,NA,NA,NA,NA,NA,NA,NA,NA,NA,NA,NA,NA,NA,NA,2021-01-08,NA,NA,FALSE,NA,佐賀県
JP-41,SAGA,2020-12-15,NA,NA,NA,NA,NA,NA,NA,NA,NA,NA,NA,NA,NA,NA,NA,NA,2021-01-08,NA,NA,FALSE,NA,佐賀県
JP-41,SAGA,2020-12-16,NA,NA,NA,NA,NA,NA,NA,NA,NA,NA,NA,NA,NA,NA,NA,NA,2021-01-08,NA,NA,FALSE,NA,佐賀県
JP-41,SAGA,2020-12-17,NA,NA,NA,NA,NA,NA,NA,NA,NA,NA,NA,NA,NA,NA,NA,NA,2021-01-08,NA,NA,FALSE,NA,佐賀県
JP-41,SAGA,2020-12-18,NA,NA,NA,NA,NA,NA,NA,NA,NA,NA,NA,NA,NA,NA,NA,NA,2021-01-08,NA,NA,FALSE,NA,佐賀県
JP-41,SAGA,2020-12-19,NA,NA,NA,NA,NA,NA,NA,NA,NA,NA,NA,NA,NA,NA,NA,NA,2021-01-08,NA,NA,FALSE,NA,佐賀県
JP-41,SAGA,2020-12-20,NA,NA,NA,NA,NA,NA,NA,NA,NA,NA,NA,NA,NA,NA,NA,NA,2021-01-08,NA,NA,FALSE,FALSE,佐賀県
JP-41,SAGA,2020-12-21,NA,NA,NA,NA,NA,NA,NA,NA,NA,NA,NA,NA,NA,NA,NA,NA,2021-01-08,NA,NA,FALSE,NA,佐賀県
JP-41,SAGA,2020-12-22,NA,NA,NA,NA,NA,NA,NA,NA,NA,NA,NA,NA,NA,NA,NA,NA,2021-01-08,NA,NA,FALSE,NA,佐賀県
JP-41,SAGA,2020-12-23,NA,NA,NA,NA,NA,NA,NA,NA,NA,NA,NA,NA,NA,NA,NA,NA,2021-01-08,NA,NA,FALSE,NA,佐賀県
JP-41,SAGA,2020-12-24,NA,NA,NA,NA,NA,NA,NA,NA,NA,NA,NA,NA,NA,NA,NA,NA,2021-01-08,NA,NA,FALSE,NA,佐賀県
JP-41,SAGA,2020-12-25,NA,NA,NA,NA,NA,NA,NA,NA,NA,NA,NA,NA,NA,NA,NA,NA,2021-01-08,NA,NA,FALSE,NA,佐賀県
JP-41,SAGA,2020-12-26,NA,NA,NA,NA,NA,NA,NA,NA,NA,NA,NA,NA,NA,NA,NA,NA,2021-01-08,NA,NA,FALSE,NA,佐賀県
JP-41,SAGA,2020-12-27,NA,NA,NA,NA,NA,NA,NA,NA,NA,NA,NA,NA,NA,NA,NA,NA,2021-01-08,NA,NA,FALSE,NA,佐賀県
JP-41,SAGA,2020-12-28,NA,NA,NA,NA,NA,NA,NA,NA,NA,NA,NA,NA,NA,NA,NA,NA,2021-01-08,NA,NA,FALSE,NA,佐賀県
JP-41,SAGA,2020-12-29,NA,NA,NA,NA,NA,NA,NA,NA,NA,NA,NA,NA,NA,NA,NA,NA,2021-01-08,NA,NA,FALSE,NA,佐賀県
JP-41,SAGA,2020-12-30,NA,NA,NA,NA,NA,NA,NA,NA,NA,NA,NA,NA,NA,NA,NA,NA,2021-01-08,NA,NA,FALSE,NA,佐賀県
JP-41,SAGA,2020-12-31,NA,NA,NA,NA,NA,NA,NA,NA,NA,NA,NA,NA,NA,NA,NA,NA,2021-01-08,NA,NA,FALSE,NA,佐賀県
JP-41,SAGA,2021-01-01,NA,NA,NA,NA,NA,NA,NA,NA,NA,NA,NA,NA,NA,NA,NA,NA,2021-01-08,NA,NA,FALSE,TRUE,佐賀県
JP-41,SAGA,2021-01-02,NA,NA,NA,NA,NA,NA,NA,NA,NA,NA,NA,NA,NA,NA,NA,NA,2021-01-08,NA,NA,FALSE,NA,佐賀県
JP-41,SAGA,2021-01-03,NA,NA,NA,NA,NA,NA,NA,NA,NA,NA,NA,NA,NA,NA,NA,NA,2021-01-08,NA,NA,FALSE,NA,佐賀県
JP-41,SAGA,2021-01-04,NA,NA,NA,NA,NA,NA,NA,NA,NA,NA,NA,NA,NA,NA,NA,NA,2021-01-08,NA,NA,FALSE,NA,佐賀県
JP-41,SAGA,2021-01-05,NA,NA,NA,NA,NA,NA,NA,NA,NA,NA,NA,NA,NA,NA,NA,NA,2021-01-08,NA,NA,FALSE,NA,佐賀県
JP-41,SAGA,2021-01-06,NA,NA,NA,NA,NA,NA,NA,NA,NA,NA,NA,NA,NA,NA,NA,NA,2021-01-08,NA,NA,FALSE,NA,佐賀県
JP-41,SAGA,2021-01-07,NA,NA,NA,NA,NA,NA,NA,NA,NA,NA,NA,NA,NA,NA,NA,NA,2021-01-08,NA,NA,FALSE,NA,佐賀県
JP-41,SAGA,2021-01-08,NA,NA,NA,NA,NA,NA,NA,NA,NA,NA,NA,NA,NA,NA,NA,NA,2021-01-08,NA,NA,FALSE,NA,佐賀県
JP-42,NAGASAKI,2020-12-12,NA,NA,NA,NA,NA,NA,NA,NA,NA,NA,NA,NA,NA,NA,NA,NA,2021-01-08,NA,NA,NA,NA,長崎県
JP-42,NAGASAKI,2020-12-13,NA,NA,NA,NA,NA,NA,NA,NA,NA,NA,NA,NA,NA,NA,NA,NA,2021-01-08,NA,NA,FALSE,FALSE,長崎県
JP-42,NAGASAKI,2020-12-14,NA,NA,NA,NA,NA,NA,NA,NA,NA,NA,NA,NA,NA,NA,NA,NA,2021-01-08,NA,NA,FALSE,NA,長崎県
JP-42,NAGASAKI,2020-12-15,NA,NA,NA,NA,NA,NA,NA,NA,NA,NA,NA,NA,NA,NA,NA,NA,2021-01-08,NA,NA,FALSE,NA,長崎県
JP-42,NAGASAKI,2020-12-16,NA,NA,NA,NA,NA,NA,NA,NA,NA,NA,NA,NA,NA,NA,NA,NA,2021-01-08,NA,NA,FALSE,NA,長崎県
JP-42,NAGASAKI,2020-12-17,NA,NA,NA,NA,NA,NA,NA,NA,NA,NA,NA,NA,NA,NA,NA,NA,2021-01-08,NA,NA,FALSE,NA,長崎県
JP-42,NAGASAKI,2020-12-18,NA,NA,NA,NA,NA,NA,NA,NA,NA,NA,NA,NA,NA,NA,NA,NA,2021-01-08,NA,NA,FALSE,NA,長崎県
JP-42,NAGASAKI,2020-12-19,NA,NA,NA,NA,NA,NA,NA,NA,NA,NA,NA,NA,NA,NA,NA,NA,2021-01-08,NA,NA,FALSE,FALSE,長崎県
JP-42,NAGASAKI,2020-12-20,NA,NA,NA,NA,NA,NA,NA,NA,NA,NA,NA,NA,NA,NA,NA,NA,2021-01-08,NA,NA,FALSE,FALSE,長崎県
JP-42,NAGASAKI,2020-12-21,NA,NA,NA,NA,NA,NA,NA,NA,NA,NA,NA,NA,NA,NA,NA,NA,2021-01-08,NA,NA,FALSE,NA,長崎県
JP-42,NAGASAKI,2020-12-22,NA,NA,NA,NA,NA,NA,NA,NA,NA,NA,NA,NA,NA,NA,NA,NA,2021-01-08,NA,NA,FALSE,NA,長崎県
JP-42,NAGASAKI,2020-12-23,NA,NA,NA,NA,NA,NA,NA,NA,NA,NA,NA,NA,NA,NA,NA,NA,2021-01-08,NA,NA,FALSE,NA,長崎県
JP-42,NAGASAKI,2020-12-24,NA,NA,NA,NA,NA,NA,NA,NA,NA,NA,NA,NA,NA,NA,NA,NA,2021-01-08,NA,NA,FALSE,NA,長崎県
JP-42,NAGASAKI,2020-12-25,NA,NA,NA,NA,NA,NA,NA,NA,NA,NA,NA,NA,NA,NA,NA,NA,2021-01-08,NA,NA,FALSE,FALSE,長崎県
JP-42,NAGASAKI,2020-12-26,NA,NA,NA,NA,NA,NA,NA,NA,NA,NA,NA,NA,NA,NA,NA,NA,2021-01-08,NA,NA,FALSE,FALSE,長崎県
JP-42,NAGASAKI,2020-12-27,NA,NA,NA,NA,NA,NA,NA,NA,NA,NA,NA,NA,NA,NA,NA,NA,2021-01-08,NA,NA,FALSE,FALSE,長崎県
JP-42,NAGASAKI,2020-12-28,NA,NA,NA,NA,NA,NA,NA,NA,NA,NA,NA,NA,NA,NA,NA,NA,2021-01-08,NA,NA,FALSE,FALSE,長崎県
JP-42,NAGASAKI,2020-12-29,NA,NA,NA,NA,NA,NA,NA,NA,NA,NA,NA,NA,NA,NA,NA,NA,2021-01-08,NA,NA,FALSE,NA,長崎県
JP-42,NAGASAKI,2020-12-30,NA,NA,NA,NA,NA,NA,NA,NA,NA,NA,NA,NA,NA,NA,NA,NA,2021-01-08,NA,NA,TRUE,FALSE,長崎県
JP-42,NAGASAKI,2020-12-31,NA,NA,NA,NA,NA,NA,NA,NA,NA,NA,NA,NA,NA,NA,NA,NA,2021-01-08,NA,NA,FALSE,FALSE,長崎県
JP-42,NAGASAKI,2021-01-01,NA,NA,NA,NA,NA,NA,NA,NA,NA,NA,NA,NA,NA,NA,NA,NA,2021-01-08,NA,NA,FALSE,FALSE,長崎県
JP-42,NAGASAKI,2021-01-02,NA,NA,NA,NA,NA,NA,NA,NA,NA,NA,NA,NA,NA,NA,NA,NA,2021-01-08,NA,NA,FALSE,NA,長崎県
JP-42,NAGASAKI,2021-01-03,NA,NA,NA,NA,NA,NA,NA,NA,NA,NA,NA,NA,NA,NA,NA,NA,2021-01-08,NA,NA,TRUE,FALSE,長崎県
JP-42,NAGASAKI,2021-01-04,NA,NA,NA,NA,NA,NA,NA,NA,NA,NA,NA,NA,NA,NA,NA,NA,2021-01-08,NA,NA,FALSE,FALSE,長崎県
JP-42,NAGASAKI,2021-01-05,NA,NA,NA,NA,NA,NA,NA,NA,NA,NA,NA,NA,NA,NA,NA,NA,2021-01-08,NA,NA,FALSE,NA,長崎県
JP-42,NAGASAKI,2021-01-06,NA,NA,NA,NA,NA,NA,NA,NA,NA,NA,NA,NA,NA,NA,NA,NA,2021-01-08,NA,NA,TRUE,NA,長崎県
JP-42,NAGASAKI,2021-01-07,NA,NA,NA,NA,NA,NA,NA,NA,NA,NA,NA,NA,NA,NA,NA,NA,2021-01-08,NA,NA,TRUE,NA,長崎県
JP-42,NAGASAKI,2021-01-08,NA,NA,NA,NA,NA,NA,NA,NA,NA,NA,NA,NA,NA,NA,NA,NA,2021-01-08,NA,NA,FALSE,FALSE,長崎県
JP-43,KUMAMOTO,2020-12-12,NA,NA,NA,NA,NA,NA,NA,NA,NA,NA,NA,NA,NA,NA,NA,NA,2021-01-08,NA,NA,NA,NA,熊本県
JP-43,KUMAMOTO,2020-12-13,NA,NA,NA,NA,NA,NA,NA,NA,NA,NA,NA,NA,NA,NA,NA,NA,2021-01-08,NA,NA,FALSE,FALSE,熊本県
JP-43,KUMAMOTO,2020-12-14,NA,NA,NA,NA,NA,NA,NA,NA,NA,NA,NA,NA,NA,NA,NA,NA,2021-01-08,NA,NA,FALSE,NA,熊本県
JP-43,KUMAMOTO,2020-12-15,NA,NA,NA,NA,NA,NA,NA,NA,NA,NA,NA,NA,NA,NA,NA,NA,2021-01-08,NA,NA,FALSE,NA,熊本県
JP-43,KUMAMOTO,2020-12-16,NA,NA,NA,NA,NA,NA,NA,NA,NA,NA,NA,NA,NA,NA,NA,NA,2021-01-08,NA,NA,FALSE,NA,熊本県
JP-43,KUMAMOTO,2020-12-17,NA,NA,NA,NA,NA,NA,NA,NA,NA,NA,NA,NA,NA,NA,NA,NA,2021-01-08,NA,NA,FALSE,NA,熊本県
JP-43,KUMAMOTO,2020-12-18,NA,NA,NA,NA,NA,NA,NA,NA,NA,NA,NA,NA,NA,NA,NA,NA,2021-01-08,NA,NA,FALSE,FALSE,熊本県
JP-43,KUMAMOTO,2020-12-19,NA,NA,NA,NA,NA,NA,NA,NA,NA,NA,NA,NA,NA,NA,NA,NA,2021-01-08,NA,NA,FALSE,NA,熊本県
JP-43,KUMAMOTO,2020-12-20,NA,NA,NA,NA,NA,NA,NA,NA,NA,NA,NA,NA,NA,NA,NA,NA,2021-01-08,NA,NA,FALSE,NA,熊本県
JP-43,KUMAMOTO,2020-12-21,NA,NA,NA,NA,NA,NA,NA,NA,NA,NA,NA,NA,NA,NA,NA,NA,2021-01-08,NA,NA,FALSE,NA,熊本県
JP-43,KUMAMOTO,2020-12-22,NA,NA,NA,NA,NA,NA,NA,NA,NA,NA,NA,NA,NA,NA,NA,NA,2021-01-08,NA,NA,FALSE,NA,熊本県
JP-43,KUMAMOTO,2020-12-23,NA,NA,NA,NA,NA,NA,NA,NA,NA,NA,NA,NA,NA,NA,NA,NA,2021-01-08,NA,NA,NA,NA,熊本県
JP-43,KUMAMOTO,2020-12-24,NA,NA,NA,NA,NA,NA,NA,NA,NA,NA,NA,NA,NA,NA,NA,NA,2021-01-08,NA,NA,FALSE,NA,熊本県
JP-43,KUMAMOTO,2020-12-25,NA,NA,NA,NA,NA,NA,NA,NA,NA,NA,NA,NA,NA,NA,NA,NA,2021-01-08,NA,NA,TRUE,NA,熊本県
JP-43,KUMAMOTO,2020-12-26,NA,NA,NA,NA,NA,NA,NA,NA,NA,NA,NA,NA,NA,NA,NA,NA,2021-01-08,NA,NA,FALSE,NA,熊本県
JP-43,KUMAMOTO,2020-12-27,NA,NA,NA,NA,NA,NA,NA,NA,NA,NA,NA,NA,NA,NA,NA,NA,2021-01-08,NA,NA,FALSE,FALSE,熊本県
JP-43,KUMAMOTO,2020-12-28,NA,NA,NA,NA,NA,NA,NA,NA,NA,NA,NA,NA,NA,NA,NA,NA,2021-01-08,NA,NA,FALSE,NA,熊本県
JP-43,KUMAMOTO,2020-12-29,NA,NA,NA,NA,NA,NA,NA,NA,NA,NA,NA,NA,NA,NA,NA,NA,2021-01-08,NA,NA,FALSE,FALSE,熊本県
JP-43,KUMAMOTO,2020-12-30,NA,NA,NA,NA,NA,NA,NA,NA,NA,NA,NA,NA,NA,NA,NA,NA,2021-01-08,NA,NA,FALSE,NA,熊本県
JP-43,KUMAMOTO,2020-12-31,NA,NA,NA,NA,NA,NA,NA,NA,NA,NA,NA,NA,NA,NA,NA,NA,2021-01-08,NA,NA,FALSE,NA,熊本県
JP-43,KUMAMOTO,2021-01-01,NA,NA,NA,NA,NA,NA,NA,NA,NA,NA,NA,NA,NA,NA,NA,NA,2021-01-08,NA,NA,FALSE,FALSE,熊本県
JP-43,KUMAMOTO,2021-01-02,NA,NA,NA,NA,NA,NA,NA,NA,NA,NA,NA,NA,NA,NA,NA,NA,2021-01-08,NA,NA,NA,NA,熊本県
JP-43,KUMAMOTO,2021-01-03,NA,NA,NA,NA,NA,NA,NA,NA,NA,NA,NA,NA,NA,NA,NA,NA,2021-01-08,NA,NA,NA,NA,熊本県
JP-43,KUMAMOTO,2021-01-04,NA,NA,NA,NA,NA,NA,NA,NA,NA,NA,NA,NA,NA,NA,NA,NA,2021-01-08,NA,NA,TRUE,NA,熊本県
JP-43,KUMAMOTO,2021-01-05,NA,NA,NA,NA,NA,NA,NA,NA,NA,NA,NA,NA,NA,NA,NA,NA,2021-01-08,NA,NA,FALSE,FALSE,熊本県
JP-43,KUMAMOTO,2021-01-06,NA,NA,NA,NA,NA,NA,NA,NA,NA,NA,NA,NA,NA,NA,NA,NA,2021-01-08,NA,NA,FALSE,NA,熊本県
JP-43,KUMAMOTO,2021-01-07,NA,NA,NA,NA,NA,NA,NA,NA,NA,NA,NA,NA,NA,NA,NA,NA,2021-01-08,NA,NA,TRUE,NA,熊本県
JP-43,KUMAMOTO,2021-01-08,NA,NA,NA,NA,NA,NA,NA,NA,NA,NA,NA,NA,NA,NA,NA,NA,2021-01-08,NA,NA,NA,NA,熊本県
JP-44,OITA,2020-12-12,NA,NA,NA,NA,NA,NA,NA,NA,NA,NA,NA,NA,NA,NA,NA,NA,2021-01-08,NA,NA,NA,NA,大分県
JP-44,OITA,2020-12-13,NA,NA,NA,NA,NA,NA,NA,NA,NA,NA,NA,NA,NA,NA,NA,NA,2021-01-08,NA,NA,FALSE,NA,大分県
JP-44,OITA,2020-12-14,NA,NA,NA,NA,NA,NA,NA,NA,NA,NA,NA,NA,NA,NA,NA,NA,2021-01-08,NA,NA,FALSE,NA,大分県
JP-44,OITA,2020-12-15,NA,NA,NA,NA,NA,NA,NA,NA,NA,NA,NA,NA,NA,NA,NA,NA,2021-01-08,NA,NA,FALSE,NA,大分県
JP-44,OITA,2020-12-16,NA,NA,NA,NA,NA,NA,NA,NA,NA,NA,NA,NA,NA,NA,NA,NA,2021-01-08,NA,NA,FALSE,NA,大分県
JP-44,OITA,2020-12-17,NA,NA,NA,NA,NA,NA,NA,NA,NA,NA,NA,NA,NA,NA,NA,NA,2021-01-08,NA,NA,FALSE,NA,大分県
JP-44,OITA,2020-12-18,NA,NA,NA,NA,NA,NA,NA,NA,NA,NA,NA,NA,NA,NA,NA,NA,2021-01-08,NA,NA,TRUE,NA,大分県
JP-44,OITA,2020-12-19,NA,NA,NA,NA,NA,NA,NA,NA,NA,NA,NA,NA,NA,NA,NA,NA,2021-01-08,NA,NA,FALSE,NA,大分県
JP-44,OITA,2020-12-20,NA,NA,NA,NA,NA,NA,NA,NA,NA,NA,NA,NA,NA,NA,NA,NA,2021-01-08,NA,NA,TRUE,NA,大分県
JP-44,OITA,2020-12-21,NA,NA,NA,NA,NA,NA,NA,NA,NA,NA,NA,NA,NA,NA,NA,NA,2021-01-08,NA,NA,FALSE,NA,大分県
JP-44,OITA,2020-12-22,NA,NA,NA,NA,NA,NA,NA,NA,NA,NA,NA,NA,NA,NA,NA,NA,2021-01-08,NA,NA,FALSE,NA,大分県
JP-44,OITA,2020-12-23,NA,NA,NA,NA,NA,NA,NA,NA,NA,NA,NA,NA,NA,NA,NA,NA,2021-01-08,NA,NA,FALSE,NA,大分県
JP-44,OITA,2020-12-24,NA,NA,NA,NA,NA,NA,NA,NA,NA,NA,NA,NA,NA,NA,NA,NA,2021-01-08,NA,NA,FALSE,NA,大分県
JP-44,OITA,2020-12-25,NA,NA,NA,NA,NA,NA,NA,NA,NA,NA,NA,NA,NA,NA,NA,NA,2021-01-08,NA,NA,FALSE,NA,大分県
JP-44,OITA,2020-12-26,NA,NA,NA,NA,NA,NA,NA,NA,NA,NA,NA,NA,NA,NA,NA,NA,2021-01-08,NA,NA,FALSE,NA,大分県
JP-44,OITA,2020-12-27,NA,NA,NA,NA,NA,NA,NA,NA,NA,NA,NA,NA,NA,NA,NA,NA,2021-01-08,NA,NA,FALSE,NA,大分県
JP-44,OITA,2020-12-28,NA,NA,NA,NA,NA,NA,NA,NA,NA,NA,NA,NA,NA,NA,NA,NA,2021-01-08,NA,NA,FALSE,NA,大分県
JP-44,OITA,2020-12-29,NA,NA,NA,NA,NA,NA,NA,NA,NA,NA,NA,NA,NA,NA,NA,NA,2021-01-08,NA,NA,FALSE,NA,大分県
JP-44,OITA,2020-12-30,NA,NA,NA,NA,NA,NA,NA,NA,NA,NA,NA,NA,NA,NA,NA,NA,2021-01-08,NA,NA,FALSE,NA,大分県
JP-44,OITA,2020-12-31,NA,NA,NA,NA,NA,NA,NA,NA,NA,NA,NA,NA,NA,NA,NA,NA,2021-01-08,NA,NA,TRUE,NA,大分県
JP-44,OITA,2021-01-01,NA,NA,NA,NA,NA,NA,NA,NA,NA,NA,NA,NA,NA,NA,NA,NA,2021-01-08,NA,NA,FALSE,NA,大分県
JP-44,OITA,2021-01-02,NA,NA,NA,NA,NA,NA,NA,NA,NA,NA,NA,NA,NA,NA,NA,NA,2021-01-08,NA,NA,FALSE,NA,大分県
JP-44,OITA,2021-01-03,NA,NA,NA,NA,NA,NA,NA,NA,NA,NA,NA,NA,NA,NA,NA,NA,2021-01-08,NA,NA,FALSE,NA,大分県
JP-44,OITA,2021-01-04,NA,NA,NA,NA,NA,NA,NA,NA,NA,NA,NA,NA,NA,NA,NA,NA,2021-01-08,NA,NA,FALSE,NA,大分県
JP-44,OITA,2021-01-05,NA,NA,NA,NA,NA,NA,NA,NA,NA,NA,NA,NA,NA,NA,NA,NA,2021-01-08,NA,NA,FALSE,NA,大分県
JP-44,OITA,2021-01-06,NA,NA,NA,NA,NA,NA,NA,NA,NA,NA,NA,NA,NA,NA,NA,NA,2021-01-08,NA,NA,FALSE,NA,大分県
JP-44,OITA,2021-01-07,NA,NA,NA,NA,NA,NA,NA,NA,NA,NA,NA,NA,NA,NA,NA,NA,2021-01-08,NA,NA,FALSE,NA,大分県
JP-44,OITA,2021-01-08,NA,NA,NA,NA,NA,NA,NA,NA,NA,NA,NA,NA,NA,NA,NA,NA,2021-01-08,NA,NA,FALSE,NA,大分県
JP-45,MIYAZAKI,2020-12-12,NA,NA,NA,NA,NA,NA,NA,NA,NA,NA,NA,NA,NA,NA,NA,NA,2021-01-08,NA,NA,NA,NA,宮崎県
JP-45,MIYAZAKI,2020-12-13,NA,NA,NA,NA,NA,NA,NA,NA,NA,NA,NA,NA,NA,NA,NA,NA,2021-01-08,NA,NA,FALSE,FALSE,宮崎県
JP-45,MIYAZAKI,2020-12-14,NA,NA,NA,NA,NA,NA,NA,NA,NA,NA,NA,NA,NA,NA,NA,NA,2021-01-08,NA,NA,FALSE,NA,宮崎県
JP-45,MIYAZAKI,2020-12-15,NA,NA,NA,NA,NA,NA,NA,NA,NA,NA,NA,NA,NA,NA,NA,NA,2021-01-08,NA,NA,FALSE,NA,宮崎県
JP-45,MIYAZAKI,2020-12-16,NA,NA,NA,NA,NA,NA,NA,NA,NA,NA,NA,NA,NA,NA,NA,NA,2021-01-08,NA,NA,TRUE,NA,宮崎県
JP-45,MIYAZAKI,2020-12-17,NA,NA,NA,NA,NA,NA,NA,NA,NA,NA,NA,NA,NA,NA,NA,NA,2021-01-08,NA,NA,FALSE,NA,宮崎県
JP-45,MIYAZAKI,2020-12-18,NA,NA,NA,NA,NA,NA,NA,NA,NA,NA,NA,NA,NA,NA,NA,NA,2021-01-08,NA,NA,FALSE,NA,宮崎県
JP-45,MIYAZAKI,2020-12-19,NA,NA,NA,NA,NA,NA,NA,NA,NA,NA,NA,NA,NA,NA,NA,NA,2021-01-08,NA,NA,FALSE,NA,宮崎県
JP-45,MIYAZAKI,2020-12-20,NA,NA,NA,NA,NA,NA,NA,NA,NA,NA,NA,NA,NA,NA,NA,NA,2021-01-08,NA,NA,FALSE,NA,宮崎県
JP-45,MIYAZAKI,2020-12-21,NA,NA,NA,NA,NA,NA,NA,NA,NA,NA,NA,NA,NA,NA,NA,NA,2021-01-08,NA,NA,TRUE,NA,宮崎県
JP-45,MIYAZAKI,2020-12-22,NA,NA,NA,NA,NA,NA,NA,NA,NA,NA,NA,NA,NA,NA,NA,NA,2021-01-08,NA,NA,FALSE,FALSE,宮崎県
JP-45,MIYAZAKI,2020-12-23,NA,NA,NA,NA,NA,NA,NA,NA,NA,NA,NA,NA,NA,NA,NA,NA,2021-01-08,NA,NA,FALSE,NA,宮崎県
JP-45,MIYAZAKI,2020-12-24,NA,NA,NA,NA,NA,NA,NA,NA,NA,NA,NA,NA,NA,NA,NA,NA,2021-01-08,NA,NA,FALSE,NA,宮崎県
JP-45,MIYAZAKI,2020-12-25,NA,NA,NA,NA,NA,NA,NA,NA,NA,NA,NA,NA,NA,NA,NA,NA,2021-01-08,NA,NA,FALSE,NA,宮崎県
JP-45,MIYAZAKI,2020-12-26,NA,NA,NA,NA,NA,NA,NA,NA,NA,NA,NA,NA,NA,NA,NA,NA,2021-01-08,NA,NA,FALSE,FALSE,宮崎県
JP-45,MIYAZAKI,2020-12-27,NA,NA,NA,NA,NA,NA,NA,NA,NA,NA,NA,NA,NA,NA,NA,NA,2021-01-08,NA,NA,FALSE,NA,宮崎県
JP-45,MIYAZAKI,2020-12-28,NA,NA,NA,NA,NA,NA,NA,NA,NA,NA,NA,NA,NA,NA,NA,NA,2021-01-08,NA,NA,FALSE,NA,宮崎県
JP-45,MIYAZAKI,2020-12-29,NA,NA,NA,NA,NA,NA,NA,NA,NA,NA,NA,NA,NA,NA,NA,NA,2021-01-08,NA,NA,FALSE,FALSE,宮崎県
JP-45,MIYAZAKI,2020-12-30,NA,NA,NA,NA,NA,NA,NA,NA,NA,NA,NA,NA,NA,NA,NA,NA,2021-01-08,NA,NA,FALSE,FALSE,宮崎県
JP-45,MIYAZAKI,2020-12-31,NA,NA,NA,NA,NA,NA,NA,NA,NA,NA,NA,NA,NA,NA,NA,NA,2021-01-08,NA,NA,FALSE,NA,宮崎県
JP-45,MIYAZAKI,2021-01-01,NA,NA,NA,NA,NA,NA,NA,NA,NA,NA,NA,NA,NA,NA,NA,NA,2021-01-08,NA,NA,FALSE,FALSE,宮崎県
JP-45,MIYAZAKI,2021-01-02,NA,NA,NA,NA,NA,NA,NA,NA,NA,NA,NA,NA,NA,NA,NA,NA,2021-01-08,NA,NA,FALSE,FALSE,宮崎県
JP-45,MIYAZAKI,2021-01-03,NA,NA,NA,NA,NA,NA,NA,NA,NA,NA,NA,NA,NA,NA,NA,NA,2021-01-08,NA,NA,FALSE,FALSE,宮崎県
JP-45,MIYAZAKI,2021-01-04,NA,NA,NA,NA,NA,NA,NA,NA,NA,NA,NA,NA,NA,NA,NA,NA,2021-01-08,NA,NA,NA,NA,宮崎県
JP-45,MIYAZAKI,2021-01-05,NA,NA,NA,NA,NA,NA,NA,NA,NA,NA,NA,NA,NA,NA,NA,NA,2021-01-08,NA,NA,FALSE,NA,宮崎県
JP-45,MIYAZAKI,2021-01-06,NA,NA,NA,NA,NA,NA,NA,NA,NA,NA,NA,NA,NA,NA,NA,NA,2021-01-08,NA,NA,FALSE,NA,宮崎県
JP-45,MIYAZAKI,2021-01-07,NA,NA,NA,NA,NA,NA,NA,NA,NA,NA,NA,NA,NA,NA,NA,NA,2021-01-08,NA,NA,FALSE,FALSE,宮崎県
JP-45,MIYAZAKI,2021-01-08,NA,NA,NA,NA,NA,NA,NA,NA,NA,NA,NA,NA,NA,NA,NA,NA,2021-01-08,NA,NA,TRUE,NA,宮崎県
JP-46,KAGOSHIMA,2020-12-12,NA,NA,NA,NA,NA,NA,NA,NA,NA,NA,NA,NA,NA,NA,NA,NA,2021-01-08,NA,NA,NA,NA,鹿児島県
JP-46,KAGOSHIMA,2020-12-13,NA,NA,NA,NA,NA,NA,NA,NA,NA,NA,NA,NA,NA,NA,NA,NA,2021-01-08,NA,NA,FALSE,NA,鹿児島県
JP-46,KAGOSHIMA,2020-12-14,NA,NA,NA,NA,NA,NA,NA,NA,NA,NA,NA,NA,NA,NA,NA,NA,2021-01-08,NA,NA,FALSE,NA,鹿児島県
JP-46,KAGOSHIMA,2020-12-15,NA,NA,NA,NA,NA,NA,NA,NA,NA,NA,NA,NA,NA,NA,NA,NA,2021-01-08,NA,NA,FALSE,FALSE,鹿児島県
JP-46,KAGOSHIMA,2020-12-16,NA,NA,NA,NA,NA,NA,NA,NA,NA,NA,NA,NA,NA,NA,NA,NA,2021-01-08,NA,NA,FALSE,FALSE,鹿児島県
JP-46,KAGOSHIMA,2020-12-17,NA,NA,NA,NA,NA,NA,NA,NA,NA,NA,NA,NA,NA,NA,NA,NA,2021-01-08,NA,NA,FALSE,FALSE,鹿児島県
JP-46,KAGOSHIMA,2020-12-18,NA,NA,NA,NA,NA,NA,NA,NA,NA,NA,NA,NA,NA,NA,NA,NA,2021-01-08,NA,NA,FALSE,NA,鹿児島県
JP-46,KAGOSHIMA,2020-12-19,NA,NA,NA,NA,NA,NA,NA,NA,NA,NA,NA,NA,NA,NA,NA,NA,2021-01-08,NA,NA,FALSE,FALSE,鹿児島県
JP-46,KAGOSHIMA,2020-12-20,NA,NA,NA,NA,NA,NA,NA,NA,NA,NA,NA,NA,NA,NA,NA,NA,2021-01-08,NA,NA,FALSE,NA,鹿児島県
JP-46,KAGOSHIMA,2020-12-21,NA,NA,NA,NA,NA,NA,NA,NA,NA,NA,NA,NA,NA,NA,NA,NA,2021-01-08,NA,NA,FALSE,FALSE,鹿児島県
JP-46,KAGOSHIMA,2020-12-22,NA,NA,NA,NA,NA,NA,NA,NA,NA,NA,NA,NA,NA,NA,NA,NA,2021-01-08,NA,NA,FALSE,NA,鹿児島県
JP-46,KAGOSHIMA,2020-12-23,NA,NA,NA,NA,NA,NA,NA,NA,NA,NA,NA,NA,NA,NA,NA,NA,2021-01-08,NA,NA,FALSE,FALSE,鹿児島県
JP-46,KAGOSHIMA,2020-12-24,NA,NA,NA,NA,NA,NA,NA,NA,NA,NA,NA,NA,NA,NA,NA,NA,2021-01-08,NA,NA,FALSE,FALSE,鹿児島県
JP-46,KAGOSHIMA,2020-12-25,NA,NA,NA,NA,NA,NA,NA,NA,NA,NA,NA,NA,NA,NA,NA,NA,2021-01-08,NA,NA,FALSE,NA,鹿児島県
JP-46,KAGOSHIMA,2020-12-26,NA,NA,NA,NA,NA,NA,NA,NA,NA,NA,NA,NA,NA,NA,NA,NA,2021-01-08,NA,NA,FALSE,FALSE,鹿児島県
JP-46,KAGOSHIMA,2020-12-27,NA,NA,NA,NA,NA,NA,NA,NA,NA,NA,NA,NA,NA,NA,NA,NA,2021-01-08,NA,NA,FALSE,NA,鹿児島県
JP-46,KAGOSHIMA,2020-12-28,NA,NA,NA,NA,NA,NA,NA,NA,NA,NA,NA,NA,NA,NA,NA,NA,2021-01-08,NA,NA,FALSE,NA,鹿児島県
JP-46,KAGOSHIMA,2020-12-29,NA,NA,NA,NA,NA,NA,NA,NA,NA,NA,NA,NA,NA,NA,NA,NA,2021-01-08,NA,NA,FALSE,FALSE,鹿児島県
JP-46,KAGOSHIMA,2020-12-30,NA,NA,NA,NA,NA,NA,NA,NA,NA,NA,NA,NA,NA,NA,NA,NA,2021-01-08,NA,NA,TRUE,NA,鹿児島県
JP-46,KAGOSHIMA,2020-12-31,NA,NA,NA,NA,NA,NA,NA,NA,NA,NA,NA,NA,NA,NA,NA,NA,2021-01-08,NA,NA,FALSE,FALSE,鹿児島県
JP-46,KAGOSHIMA,2021-01-01,NA,NA,NA,NA,NA,NA,NA,NA,NA,NA,NA,NA,NA,NA,NA,NA,2021-01-08,NA,NA,FALSE,NA,鹿児島県
JP-46,KAGOSHIMA,2021-01-02,NA,NA,NA,NA,NA,NA,NA,NA,NA,NA,NA,NA,NA,NA,NA,NA,2021-01-08,NA,NA,FALSE,FALSE,鹿児島県
JP-46,KAGOSHIMA,2021-01-03,NA,NA,NA,NA,NA,NA,NA,NA,NA,NA,NA,NA,NA,NA,NA,NA,2021-01-08,NA,NA,FALSE,NA,鹿児島県
JP-46,KAGOSHIMA,2021-01-04,NA,NA,NA,NA,NA,NA,NA,NA,NA,NA,NA,NA,NA,NA,NA,NA,2021-01-08,NA,NA,FALSE,NA,鹿児島県
JP-46,KAGOSHIMA,2021-01-05,NA,NA,NA,NA,NA,NA,NA,NA,NA,NA,NA,NA,NA,NA,NA,NA,2021-01-08,NA,NA,FALSE,NA,鹿児島県
JP-46,KAGOSHIMA,2021-01-06,NA,NA,NA,NA,NA,NA,NA,NA,NA,NA,NA,NA,NA,NA,NA,NA,2021-01-08,NA,NA,FALSE,NA,鹿児島県
JP-46,KAGOSHIMA,2021-01-07,NA,NA,NA,NA,NA,NA,NA,NA,NA,NA,NA,NA,NA,NA,NA,NA,2021-01-08,NA,NA,FALSE,NA,鹿児島県
JP-46,KAGOSHIMA,2021-01-08,NA,NA,NA,NA,NA,NA,NA,NA,NA,NA,NA,NA,NA,NA,NA,NA,2021-01-08,NA,NA,FALSE,NA,鹿児島県
JP-47,OKINAWA,2020-12-12,NA,NA,NA,NA,NA,NA,NA,NA,NA,NA,NA,NA,NA,NA,NA,NA,2021-01-08,NA,NA,NA,NA,沖縄県
JP-47,OKINAWA,2020-12-13,NA,NA,NA,NA,NA,NA,NA,NA,NA,NA,NA,NA,NA,NA,NA,NA,2021-01-08,NA,NA,FALSE,NA,沖縄県
JP-47,OKINAWA,2020-12-14,NA,NA,NA,NA,NA,NA,NA,NA,NA,NA,NA,NA,NA,NA,NA,NA,2021-01-08,NA,NA,NA,NA,沖縄県
JP-47,OKINAWA,2020-12-15,NA,NA,NA,NA,NA,NA,NA,NA,NA,NA,NA,NA,NA,NA,NA,NA,2021-01-08,NA,NA,FALSE,FALSE,沖縄県
JP-47,OKINAWA,2020-12-16,NA,NA,NA,NA,NA,NA,NA,NA,NA,NA,NA,NA,NA,NA,NA,NA,2021-01-08,NA,NA,FALSE,NA,沖縄県
JP-47,OKINAWA,2020-12-17,NA,NA,NA,NA,NA,NA,NA,NA,NA,NA,NA,NA,NA,NA,NA,NA,2021-01-08,NA,NA,FALSE,NA,沖縄県
JP-47,OKINAWA,2020-12-18,NA,NA,NA,NA,NA,NA,NA,NA,NA,NA,NA,NA,NA,NA,NA,NA,2021-01-08,NA,NA,FALSE,NA,沖縄県
JP-47,OKINAWA,2020-12-19,NA,NA,NA,NA,NA,NA,NA,NA,NA,NA,NA,NA,NA,NA,NA,NA,2021-01-08,NA,NA,FALSE,NA,沖縄県
JP-47,OKINAWA,2020-12-20,NA,NA,NA,NA,NA,NA,NA,NA,NA,NA,NA,NA,NA,NA,NA,NA,2021-01-08,NA,NA,FALSE,NA,沖縄県
JP-47,OKINAWA,2020-12-21,NA,NA,NA,NA,NA,NA,NA,NA,NA,NA,NA,NA,NA,NA,NA,NA,2021-01-08,NA,NA,NA,NA,沖縄県
JP-47,OKINAWA,2020-12-22,NA,NA,NA,NA,NA,NA,NA,NA,NA,NA,NA,NA,NA,NA,NA,NA,2021-01-08,NA,NA,FALSE,NA,沖縄県
JP-47,OKINAWA,2020-12-23,NA,NA,NA,NA,NA,NA,NA,NA,NA,NA,NA,NA,NA,NA,NA,NA,2021-01-08,NA,NA,TRUE,NA,沖縄県
JP-47,OKINAWA,2020-12-24,NA,NA,NA,NA,NA,NA,NA,NA,NA,NA,NA,NA,NA,NA,NA,NA,2021-01-08,NA,NA,FALSE,NA,沖縄県
JP-47,OKINAWA,2020-12-25,NA,NA,NA,NA,NA,NA,NA,NA,NA,NA,NA,NA,NA,NA,NA,NA,2021-01-08,NA,NA,FALSE,NA,沖縄県
JP-47,OKINAWA,2020-12-26,NA,NA,NA,NA,NA,NA,NA,NA,NA,NA,NA,NA,NA,NA,NA,NA,2021-01-08,NA,NA,FALSE,NA,沖縄県
JP-47,OKINAWA,2020-12-27,NA,NA,NA,NA,NA,NA,NA,NA,NA,NA,NA,NA,NA,NA,NA,NA,2021-01-08,NA,NA,TRUE,NA,沖縄県
JP-47,OKINAWA,2020-12-28,NA,NA,NA,NA,NA,NA,NA,NA,NA,NA,NA,NA,NA,NA,NA,NA,2021-01-08,NA,NA,FALSE,NA,沖縄県
JP-47,OKINAWA,2020-12-29,NA,NA,NA,NA,NA,NA,NA,NA,NA,NA,NA,NA,NA,NA,NA,NA,2021-01-08,NA,NA,FALSE,NA,沖縄県
JP-47,OKINAWA,2020-12-30,NA,NA,NA,NA,NA,NA,NA,NA,NA,NA,NA,NA,NA,NA,NA,NA,2021-01-08,NA,NA,FALSE,NA,沖縄県
JP-47,OKINAWA,2020-12-31,NA,NA,NA,NA,NA,NA,NA,NA,NA,NA,NA,NA,NA,NA,NA,NA,2021-01-08,NA,NA,FALSE,NA,沖縄県
JP-47,OKINAWA,2021-01-01,NA,NA,NA,NA,NA,NA,NA,NA,NA,NA,NA,NA,NA,NA,NA,NA,2021-01-08,NA,NA,FALSE,NA,沖縄県
JP-47,OKINAWA,2021-01-02,NA,NA,NA,NA,NA,NA,NA,NA,NA,NA,NA,NA,NA,NA,NA,NA,2021-01-08,NA,NA,FALSE,NA,沖縄県
JP-47,OKINAWA,2021-01-03,NA,NA,NA,NA,NA,NA,NA,NA,NA,NA,NA,NA,NA,NA,NA,NA,2021-01-08,NA,NA,FALSE,NA,沖縄県
JP-47,OKINAWA,2021-01-04,NA,NA,NA,NA,NA,NA,NA,NA,NA,NA,NA,NA,NA,NA,NA,NA,2021-01-08,NA,NA,NA,NA,沖縄県
JP-47,OKINAWA,2021-01-05,NA,NA,NA,NA,NA,NA,NA,NA,NA,NA,NA,NA,NA,NA,NA,NA,2021-01-08,NA,NA,FALSE,NA,沖縄県
JP-47,OKINAWA,2021-01-06,NA,NA,NA,NA,NA,NA,NA,NA,NA,NA,NA,NA,NA,NA,NA,NA,2021-01-08,NA,NA,TRUE,NA,沖縄県
JP-47,OKINAWA,2021-01-07,NA,NA,NA,NA,NA,NA,NA,NA,NA,NA,NA,NA,NA,NA,NA,NA,2021-01-08,NA,NA,FALSE,NA,沖縄県
JP-47,OKINAWA,2021-01-08,NA,NA,NA,NA,NA,NA,NA,NA,NA,NA,NA,NA,NA,NA,NA,NA,2021-01-08,NA,NA,FALSE,NA,沖縄県
